AccX,AccY,AccZ,AngX,AngY,AngZ
0.25,-0.69,0.84,-20.64,13.47,8.15
-0.68,-0.32,0.94,-16.79,19.65,7.08
-0.56,-0.29,0.71,-20.94,17.94,4.58
-0.16,-0.43,0.69,-25.36,16.92,2.19
-0.22,-0.72,0.82,-32.81,11.67,-0.92
-0.28,-0.87,0.83,-31.71,12.31,3.07
-0.32,-0.72,0.73,-27.35,11.45,5.61
-0.26,-0.42,0.9,-23.24,6.8,7.69
-0.1,-0.5,0.75,-13.35,13.13,9.14
-0.49,0.14,0.85,-11.87,11.09,11.45
-0.21,-0.33,0.91,-8.61,12.13,8.97
-0.17,-0.25,0.9,-9.81,4.7,8.92
-0.04,-0.24,0.81,-11.33,5.56,7.34
-0.13,-0.15,0.89,-10.44,14.42,6.29
-0.36,-0.23,0.96,-12.74,20.74,7.05
-0.49,-0.33,0.75,-13.23,24.31,4.92
-0.54,-0.34,0.91,-14.4,22.05,3.85
-0.35,-0.4,0.79,-16.0,19.73,3.1
-0.31,-0.34,0.78,-16.85,19.11,2.17
-0.3,-0.41,0.79,-17.41,18.47,1.77
-0.35,-0.39,0.84,-17.68,18.3,1.64
-0.34,-0.39,0.81,-17.96,18.34,1.56
-0.33,-0.39,0.81,-18.26,18.36,1.47
-0.33,-0.4,0.82,-18.48,18.35,1.41
-0.33,-0.41,0.82,-18.73,18.39,1.36
-0.33,-0.4,0.82,-19.03,18.47,1.3
-0.33,-0.4,0.81,-19.28,18.54,1.26
-0.33,-0.4,0.82,-19.52,18.52,1.2
-0.33,-0.41,0.82,-19.76,18.48,1.18
-0.33,-0.4,0.81,-19.93,18.49,1.2
-0.33,-0.42,0.82,-20.22,18.41,1.14
-0.33,-0.42,0.82,-20.48,18.31,1.11
-0.32,-0.42,0.82,-20.74,18.27,1.02
-0.32,-0.42,0.82,-21.04,18.19,1.0
-0.32,-0.42,0.81,-21.35,18.47,0.86
-0.32,-0.43,0.81,-21.58,18.5,0.56
-0.31,-0.42,0.81,-21.72,17.99,0.27
-0.3,-0.42,0.8,-21.93,18.36,0.14
-0.32,-0.42,0.83,-22.14,18.19,-0.03
-0.31,-0.44,0.82,-22.37,17.86,-0.1
-0.31,-0.44,0.81,-22.48,17.99,-0.14
-0.3,-0.43,0.82,-22.7,17.84,-0.15
-0.3,-0.42,0.82,-22.81,17.89,-0.17
-0.31,-0.44,0.82,-22.94,17.84,-0.18
-0.3,-0.43,0.82,-23.08,17.76,-0.2
-0.29,-0.43,0.82,-23.3,17.61,-0.18
-0.3,-0.42,0.81,-23.43,17.69,-0.19
-0.29,-0.44,0.81,-23.57,17.68,-0.2
-0.3,-0.43,0.82,-23.72,17.67,-0.21
-0.3,-0.42,0.82,-23.86,17.66,-0.25
-0.29,-0.43,0.8,-24.03,17.66,-0.22
-0.3,-0.43,0.81,-24.13,17.65,-0.21
-0.3,-0.43,0.81,-24.24,17.67,-0.22
-0.3,-0.44,0.82,-24.42,17.64,-0.24
-0.3,-0.43,0.81,-24.62,17.59,-0.25
-0.3,-0.43,0.82,-24.71,17.66,-0.28
-0.29,-0.43,0.82,-24.84,17.64,-0.27
-0.29,-0.43,0.81,-24.98,17.6,-0.27
-0.3,-0.45,0.81,-25.08,17.63,-0.32
-0.3,-0.44,0.82,-25.19,17.61,-0.31
-0.3,-0.44,0.82,-25.3,17.58,-0.3
-0.29,-0.44,0.8,-25.41,17.61,-0.32
-0.29,-0.43,0.82,-25.54,17.52,-0.31
-0.29,-0.44,0.8,-25.62,17.58,-0.32
-0.3,-0.44,0.82,-25.73,17.55,-0.31
-0.29,-0.44,0.81,-25.84,17.58,-0.31
-0.29,-0.43,0.82,-25.97,17.57,-0.32
-0.29,-0.44,0.82,-26.07,17.57,-0.32
-0.29,-0.44,0.82,-26.17,17.61,-0.32
-0.29,-0.43,0.8,-26.27,17.64,-0.33
-0.29,-0.44,0.81,-26.37,17.65,-0.35
-0.29,-0.43,0.82,-26.46,17.64,-0.35
-0.29,-0.43,0.83,-26.56,17.61,-0.35
-0.29,-0.44,0.82,-26.63,17.6,-0.34
-0.29,-0.44,0.82,-26.71,17.62,-0.35
-0.29,-0.43,0.82,-26.78,17.63,-0.33
-0.29,-0.43,0.82,-26.87,17.62,-0.32
-0.29,-0.44,0.82,-26.95,17.62,-0.31
-0.28,-0.44,0.83,-27.01,17.64,-0.3
-0.28,-0.44,0.81,-27.13,17.6,-0.32
-0.29,-0.44,0.82,-27.19,17.62,-0.3
-0.28,-0.44,0.82,-27.25,17.61,-0.3
-0.28,-0.44,0.82,-27.31,17.59,-0.28
-0.29,-0.44,0.81,-27.41,17.59,-0.3
-0.29,-0.44,0.82,-27.45,17.62,-0.32
-0.29,-0.44,0.82,-27.53,17.59,-0.32
-0.29,-0.45,0.8,-27.63,17.57,-0.32
-0.28,-0.44,0.82,-27.7,17.57,-0.32
-0.29,-0.44,0.82,-27.79,17.56,-0.39
-0.28,-0.44,0.82,-27.88,17.48,-0.39
-0.28,-0.44,0.82,-27.93,17.45,-0.42
-0.29,-0.44,0.81,-27.98,17.47,-0.44
-0.28,-0.44,0.82,-28.06,17.41,-0.48
-0.27,-0.44,0.81,-28.16,17.3,-0.52
-0.27,-0.44,0.82,-28.2,17.23,-0.55
-0.28,-0.44,0.82,-28.28,17.22,-0.57
-0.28,-0.45,0.81,-28.3,17.19,-0.62
-0.28,-0.45,0.82,-28.33,17.22,-0.62
-0.28,-0.44,0.82,-28.38,17.17,-0.61
-0.28,-0.44,0.81,-28.42,17.19,-0.63
-0.28,-0.45,0.81,-28.5,17.13,-0.66
-0.27,-0.44,0.83,-28.56,17.06,-0.65
-0.28,-0.45,0.81,-28.59,17.09,-0.66
-0.27,-0.45,0.82,-28.63,17.12,-0.66
-0.28,-0.45,0.82,-28.68,17.06,-0.66
-0.27,-0.45,0.81,-28.72,17.05,-0.67
-0.27,-0.44,0.82,-28.75,17.07,-0.67
-0.27,-0.44,0.83,-28.78,17.02,-0.71
-0.27,-0.44,0.81,-28.84,17.01,-0.71
-0.27,-0.44,0.82,-28.89,16.99,-0.71
-0.28,-0.45,0.82,-28.95,17.0,-0.7
-0.28,-0.45,0.82,-29.01,17.01,-0.7
-0.27,-0.45,0.82,-29.05,17.02,-0.68
-0.27,-0.44,0.82,-29.09,17.0,-0.67
-0.27,-0.45,0.82,-29.15,17.01,-0.66
-0.27,-0.45,0.82,-29.17,17.03,-0.65
-0.27,-0.44,0.82,-29.21,17.03,-0.65
-0.28,-0.45,0.83,-29.23,17.06,-0.64
-0.27,-0.44,0.82,-29.3,17.05,-0.64
-0.27,-0.45,0.82,-29.32,17.05,-0.63
-0.27,-0.44,0.82,-29.36,17.06,-0.64
-0.27,-0.45,0.81,-29.41,17.07,-0.62
-0.27,-0.45,0.82,-29.42,17.03,-0.63
-0.27,-0.44,0.83,-29.45,17.05,-0.63
-0.27,-0.45,0.81,-29.47,17.05,-0.62
-0.27,-0.46,0.8,-29.53,16.97,-0.61
-0.27,-0.45,0.83,-29.55,16.99,-0.64
-0.27,-0.45,0.81,-29.61,16.95,-0.67
-0.27,-0.44,0.82,-29.62,16.93,-0.67
-0.27,-0.45,0.82,-29.67,16.93,-0.69
-0.28,-0.47,0.82,-29.49,16.86,-0.98
-0.27,-0.44,0.83,-29.2,16.63,-1.18
-0.25,-0.46,0.81,-29.27,16.61,-1.18
-0.27,-0.44,0.83,-29.3,16.53,-1.18
-0.26,-0.45,0.83,-29.3,16.63,-1.19
-0.26,-0.44,0.83,-29.34,16.59,-1.2
-0.26,-0.44,0.82,-29.35,16.6,-1.19
-0.26,-0.45,0.82,-29.38,16.58,-1.18
-0.27,-0.44,0.82,-29.43,16.54,-1.2
-0.26,-0.45,0.84,-29.43,16.56,-1.18
-0.26,-0.44,0.83,-29.46,16.52,-1.18
-0.26,-0.44,0.82,-29.51,16.54,-1.16
-0.25,-0.45,0.83,-29.53,16.51,-1.15
-0.25,-0.44,0.82,-29.57,16.47,-1.14
-0.27,-0.44,0.83,-29.6,16.39,-1.14
-0.26,-0.44,0.82,-29.62,16.38,-1.14
-0.25,-0.44,0.82,-29.63,16.37,-1.14
-0.26,-0.44,0.82,-29.67,16.35,-1.13
-0.26,-0.44,0.83,-29.7,16.32,-1.13
-0.26,-0.44,0.82,-29.73,16.33,-1.14
-0.26,-0.45,0.82,-29.76,16.35,-1.14
-0.25,-0.44,0.83,-29.76,16.31,-1.14
-0.26,-0.44,0.83,-29.77,16.33,-1.13
-0.25,-0.44,0.82,-29.79,16.34,-1.12
-0.26,-0.45,0.82,-29.82,16.33,-1.12
-0.26,-0.44,0.83,-29.85,16.32,-1.11
-0.26,-0.44,0.82,-29.88,16.3,-1.11
-0.26,-0.45,0.83,-29.91,16.33,-1.1
-0.25,-0.44,0.83,-29.92,16.33,-1.1
-0.26,-0.44,0.83,-29.94,16.34,-1.09
-0.26,-0.44,0.84,-29.95,16.32,-1.06
-0.25,-0.45,0.83,-29.98,16.28,-1.05
-0.25,-0.45,0.83,-29.99,16.28,-1.05
-0.26,-0.45,0.82,-30.0,16.27,-1.03
-0.25,-0.45,0.83,-30.02,16.26,-1.02
-0.26,-0.44,0.83,-30.04,16.24,-1.03
-0.25,-0.45,0.82,-30.07,16.24,-1.02
-0.25,-0.45,0.82,-30.09,16.22,-1.01
-0.26,-0.44,0.83,-30.09,16.21,-1.0
-0.26,-0.46,0.82,-30.11,16.23,-1.01
-0.26,-0.44,0.83,-30.13,16.24,-1.01
-0.26,-0.44,0.83,-30.13,16.24,-1.0
-0.26,-0.44,0.82,-30.14,16.23,-1.0
-0.26,-0.44,0.82,-30.15,16.22,-0.99
-0.25,-0.44,0.82,-30.18,16.21,-0.99
-0.25,-0.45,0.83,-30.2,16.21,-0.99
-0.25,-0.44,0.82,-30.22,16.19,-0.98
-0.25,-0.45,0.82,-30.24,16.19,-0.98
-0.25,-0.45,0.82,-30.26,16.18,-0.98
-0.25,-0.44,0.83,-30.27,16.17,-0.97
-0.25,-0.47,0.81,-30.32,16.15,-0.99
-0.25,-0.44,0.82,-30.31,16.17,-0.99
-0.25,-0.44,0.83,-30.31,16.19,-0.97
-0.25,-0.45,0.83,-30.34,16.21,-0.96
-0.26,-0.45,0.83,-30.35,16.18,-0.95
-0.25,-0.45,0.83,-30.35,16.16,-0.95
-0.25,-0.45,0.82,-30.37,16.17,-0.94
-0.25,-0.45,0.83,-30.39,16.15,-0.93
-0.25,-0.45,0.82,-30.41,16.13,-0.93
-0.25,-0.45,0.82,-30.43,16.12,-0.93
-0.25,-0.44,0.82,-30.43,16.12,-0.92
-0.25,-0.45,0.82,-30.45,16.12,-0.91
-0.26,-0.44,0.82,-30.46,16.12,-0.91
-0.26,-0.45,0.82,-30.47,16.12,-0.91
-0.25,-0.44,0.83,-30.48,16.13,-0.9
-0.25,-0.44,0.83,-30.48,16.12,-0.89
-0.26,-0.45,0.82,-30.49,16.13,-0.88
-0.26,-0.44,0.83,-30.5,16.12,-0.87
-0.25,-0.45,0.83,-30.49,16.11,-0.87
-0.26,-0.45,0.83,-30.51,16.09,-0.86
-0.25,-0.45,0.82,-30.53,16.07,-0.85
-0.25,-0.45,0.83,-30.54,16.05,-0.85
-0.25,-0.45,0.82,-30.57,16.04,-0.82
-0.25,-0.45,0.82,-30.56,16.09,-0.87
-0.25,-0.44,0.82,-30.6,16.09,-0.88
-0.25,-0.45,0.82,-30.62,16.06,-0.84
-0.25,-0.45,0.82,-30.66,16.05,-0.84
-0.25,-0.44,0.82,-30.7,15.99,-0.85
-0.26,-0.45,0.81,-30.69,16.04,-0.87
-0.26,-0.45,0.82,-30.69,16.05,-0.87
-0.25,-0.45,0.84,-30.71,16.0,-0.86
-0.26,-0.45,0.83,-30.7,16.0,-0.85
-0.25,-0.46,0.83,-30.73,15.97,-0.85
-0.25,-0.45,0.82,-30.79,15.93,-0.86
-0.25,-0.46,0.83,-30.81,15.89,-0.86
-0.25,-0.44,0.84,-30.81,15.86,-0.84
-0.25,-0.44,0.83,-30.83,15.9,-0.81
-0.25,-0.45,0.83,-30.78,15.92,-0.82
