AccX,AccY,AccZ,AngX,AngY,AngZ
0.16,0.07,0.83,-19.95,-32.78,-10.9
0.11,-0.01,0.87,-19.81,-29.47,-11.04
-0.04,-0.03,1.09,-20.5,-28.42,-13.75
0.01,-0.02,1.04,-20.33,-28.37,-14.0
0.07,-0.05,0.97,-19.96,-29.41,-13.9
0.25,-0.08,1.05,-19.72,-29.87,-13.99
-0.01,0.0,0.99,-18.83,-28.52,-14.4
-0.05,0.04,0.91,-18.82,-29.48,-14.56
0.16,-0.03,1.0,-17.24,-28.83,-14.31
0.1,-0.05,1.0,-17.61,-28.25,-14.46
0.1,0.05,0.88,-17.07,-27.85,-14.6
0.05,-0.05,1.01,-17.5,-26.91,-14.14
0.13,0.01,0.98,-16.88,-25.55,-12.89
0.12,-0.02,0.94,-16.61,-26.05,-13.85
0.12,0.03,0.89,-16.29,-24.44,-13.76
0.0,-0.02,0.95,-16.18,-24.76,-14.28
0.09,-0.07,1.09,-16.4,-24.2,-14.38
0.09,-0.02,0.93,-16.04,-23.43,-14.18
0.1,-0.03,0.99,-15.85,-22.72,-13.97
0.05,-0.02,1.0,-15.46,-22.53,-14.23
0.05,-0.03,0.99,-15.19,-22.67,-14.23
0.14,-0.0,0.91,-15.11,-21.78,-13.92
0.06,-0.01,0.94,-15.15,-21.93,-14.33
0.07,-0.01,1.01,-14.79,-20.99,-14.16
0.03,0.01,0.94,-14.96,-21.67,-14.51
0.14,-0.08,1.06,-14.84,-20.19,-14.11
0.08,-0.04,1.0,-14.78,-20.78,-14.43
0.07,-0.06,1.02,-14.33,-19.97,-14.37
0.07,0.0,0.9,-14.52,-19.99,-14.54
0.11,-0.06,1.0,-13.87,-19.84,-14.51
0.09,-0.0,0.94,-13.9,-19.26,-14.38
0.1,-0.04,0.95,-13.3,-18.59,-14.3
0.07,-0.0,0.93,-13.63,-18.89,-14.77
0.09,-0.03,0.95,-13.11,-18.14,-14.7
0.06,-0.07,1.05,-13.18,-18.25,-14.96
