AccX,AccY,AccZ,AngX,AngY,AngZ
0.15,-0.06,0.99,-12.52,-17.93,-14.78
0.14,-0.04,1.02,-12.06,-17.5,-14.79
0.23,-0.02,0.96,-11.59,-16.89,-15.37
0.12,-0.03,0.89,-11.95,-16.09,-17.27
-1.22,-0.04,1.19,-12.04,-14.07,-16.05
-0.44,-0.08,0.95,-8.8,-22.77,-11.59
2.88,-0.13,0.59,-6.98,-22.72,-9.55
0.09,0.02,0.41,-11.11,-14.64,-16.61
-2.35,-0.15,1.85,-7.87,-11.68,-12.94
1.02,-0.0,0.13,-2.06,-23.79,-7.52
2.7,-0.29,0.46,-1.84,-15.34,-13.55
-3.02,-0.25,1.97,-9.75,-11.45,-18.86
-1.34,0.32,0.53,-4.88,-19.87,-12.5
3.35,0.06,0.3,-2.5,-18.41,-9.78
-1.28,-0.04,0.9,-8.0,-7.81,-16.39
-1.82,0.14,1.18,-3.88,-16.21,-14.11
2.65,-0.19,0.61,-0.75,-17.85,-9.15
0.31,0.09,0.29,-4.88,-8.52,-17.86
-2.11,-0.25,1.78,-0.9,-13.85,-15.69
2.32,-0.19,0.5,2.42,-17.89,-8.44
0.73,-0.06,0.32,-1.54,-8.23,-19.48
-2.4,-0.39,2.06,1.81,-12.92,-17.31
2.76,-0.12,0.54,3.82,-16.16,-8.99
0.47,-0.05,0.27,-0.46,-7.65,-16.44
-2.03,-0.41,2.04,1.5,-11.22,-13.32
2.44,0.12,0.33,6.48,-13.74,-5.81
0.76,-0.12,0.44,1.55,-5.16,-15.94
-2.51,-0.33,2.02,0.88,-8.85,-14.57
2.02,-0.11,0.26,3.1,-14.13,-5.56
1.09,-0.08,0.23,-1.64,-7.23,-12.57
-1.49,-0.26,1.48,-6.85,-12.46,-12.62
0.66,0.05,0.28,-7.66,-12.52,-7.23
1.29,-0.09,0.53,-15.44,-9.18,-8.11
-0.3,-0.28,0.82,-22.59,-7.34,-12.88
-0.25,-0.78,1.14,-26.42,-4.31,-10.94
-0.39,-0.6,1.23,-29.61,-9.01,-7.51
0.29,-0.4,0.82,-26.45,-9.19,-4.61
0.35,-0.46,0.97,-24.41,-10.76,-5.07
-0.21,-0.25,0.75,-26.34,-9.83,-5.65
-0.04,-0.31,0.79,-25.49,-6.05,-3.6
-0.06,-0.36,0.76,-24.81,-6.19,-1.45
-0.09,-0.55,0.84,-21.76,-8.0,4.9
0.22,-0.37,0.78,-26.57,-7.96,5.09
-0.07,-0.19,0.62,-23.66,-0.99,5.14
-0.48,-0.48,1.11,-25.59,0.97,3.68
-0.15,-0.35,0.97,-26.49,1.24,3.85
-0.07,-0.42,0.83,-27.1,5.22,5.31
-0.14,-0.73,1.01,-26.77,6.56,7.97
-0.15,-0.48,0.8,-26.33,6.63,9.55
-0.17,-0.41,0.69,-26.0,6.8,10.1
