AccX,AccY,AccZ,AngX,AngY,AngZ
-3.57,-0.29,1.68,-6.02,11.4,13.51
-0.73,-0.19,0.4,-1.9,-3.03,21.84
4.74,-0.28,0.26,-0.77,1.04,24.76
-0.98,-0.46,0.75,-7.64,13.05,13.61
-4.48,0.26,1.37,2.04,9.65,21.98
4.9,-0.24,-1.1,3.03,-6.0,32.72
1.77,-0.99,-0.71,-3.8,9.52,15.18
-5.97,-0.04,2.44,1.34,7.87,19.8
2.71,-0.77,-0.93,7.0,-8.6,31.59
2.35,-1.07,-0.65,0.66,0.97,14.97
-5.46,0.05,2.55,3.36,-0.81,17.66
3.68,-0.97,-0.3,7.24,-11.44,34.02
2.23,-0.94,-0.54,-1.23,-4.19,15.88
-5.58,0.65,2.78,5.82,-0.52,17.47
2.95,-1.43,0.11,12.12,-17.54,30.4
2.09,-1.04,-0.42,3.68,-6.71,12.98
-5.93,0.72,2.46,8.14,-1.2,13.69
2.72,-1.52,0.38,9.52,-21.36,24.62
3.03,-0.83,-1.02,2.47,-4.85,5.47
-7.79,0.63,2.0,4.42,-5.69,5.99
2.23,-1.97,0.38,7.7,-32.42,21.04
4.35,-1.41,-0.78,1.88,-11.68,2.63
-7.73,0.65,2.03,2.36,-20.14,3.02
3.0,-2.17,-0.01,3.6,-46.0,17.3
3.59,-1.26,-1.08,-4.45,-26.91,-2.81
-7.84,0.61,1.67,0.58,-29.35,-0.15
2.3,-2.59,0.68,6.01,-64.13,13.71
5.02,-1.45,-2.24,-0.87,-41.45,-7.71
-8.12,0.03,2.68,1.53,-48.79,-7.97
2.62,-2.18,-0.04,6.78,-73.88,8.68
3.59,-1.39,-1.09,-1.54,-53.6,-9.53
-7.98,0.34,2.76,3.37,-57.35,-5.52
4.65,-2.26,-0.24,7.17,-80.02,14.47
2.67,-1.18,-1.45,-3.84,-60.97,-9.2
-7.63,0.32,2.33,6.45,-60.53,-3.24
4.84,-1.25,-1.32,11.47,-88.39,14.76
2.21,-1.19,-1.43,2.04,-58.08,-9.45
-7.66,0.44,1.69,8.22,-75.23,-3.32
7.99,-0.65,-2.66,13.83,-91.45,12.63
-1.48,-1.19,-0.58,3.46,-63.69,-12.95
-6.27,0.12,1.66,11.45,-77.04,-2.94
9.55,-0.24,-2.95,13.07,-72.0,7.95
-4.09,-1.43,0.23,1.1,-44.6,-20.03
-4.36,-0.11,0.47,12.47,-57.29,-8.01
8.79,-0.33,-2.06,10.08,-49.19,-2.87
-6.33,-1.01,2.1,-4.35,-35.98,-19.37
-2.88,-0.33,0.4,2.49,-49.62,-5.37
8.2,-1.17,-0.76,-2.14,-29.6,-10.72
-6.51,-0.21,1.9,-14.91,-23.38,-20.58
-0.41,-0.89,-0.03,-8.43,-37.92,-4.75
3.94,-0.81,-0.19,-15.3,-20.02,-13.99
-3.72,0.23,2.18,-21.82,-31.11,-15.3
1.01,-0.24,0.37,-20.78,-36.62,-8.35
1.22,-0.14,0.96,-21.32,-29.48,-10.03
-1.01,-0.08,1.4,-20.98,-32.62,-11.87
