AccX,AccY,AccZ,AngX,AngY,AngZ
-0.25,0.15,0.68,4.44,3.42,1.81
0.11,0.12,0.63,3.54,3.16,5.15
0.48,0.18,1.01,1.67,2.91,6.02
0.92,-0.38,1.33,-1.61,2.18,4.79
-0.37,-0.1,0.57,-0.4,5.43,-3.74
-1.63,0.03,1.05,-3.38,4.99,-6.13
-1.97,0.23,0.75,-0.06,2.28,1.86
1.39,-0.29,0.22,0.73,-1.72,12.58
2.8,-0.62,1.29,-0.12,4.85,10.2
0.12,-0.27,0.41,-2.48,8.44,-2.38
-3.09,-0.19,1.61,-5.13,8.45,-2.22
-1.69,-0.09,0.38,-1.76,2.78,7.92
3.5,-0.28,0.99,-2.32,3.77,15.85
2.14,-0.27,0.77,-3.0,7.55,5.41
-2.79,-0.2,1.19,-4.12,13.01,0.4
-2.73,0.02,0.79,-0.23,9.84,6.92
2.54,-0.3,0.04,-0.48,5.12,17.04
2.95,-0.61,1.26,1.31,6.69,8.37
-3.22,-0.17,1.13,-0.0,18.07,1.46
-2.67,0.24,0.05,3.92,13.66,10.02
3.85,-0.49,0.68,0.04,4.35,18.67
1.53,-0.2,0.27,-1.47,11.17,8.12
-3.42,-0.07,1.82,-0.3,14.53,7.16
-1.0,0.01,-0.07,2.08,5.83,17.4
4.42,-0.53,1.02,3.71,9.79,18.2
-1.46,-0.4,0.66,0.4,25.74,4.3
-3.74,0.3,0.32,4.98,18.89,9.89
2.87,-0.7,0.43,1.75,5.95,21.29
2.48,-0.32,0.3,1.7,16.77,8.3
-4.86,-0.31,1.71,3.4,22.55,4.87
