AccX,AccY,AccZ,AngX,AngY,AngZ
-0.15,-0.0,1.3,1.82,-0.18,-8.89
0.15,0.04,1.15,6.71,-12.78,-9.12
-0.06,0.21,0.95,11.25,-29.04,-10.48
0.26,0.27,0.59,12.18,-48.19,-13.61
0.76,0.22,0.52,14.46,-65.9,-15.01
0.2,0.54,-0.01,18.84,-88.6,-17.3
0.84,0.29,-0.31,23.15,-106.96,-17.53
0.52,0.22,-0.57,30.38,-127.06,-19.16
0.1,0.21,-0.77,36.84,-146.37,-17.14
-0.02,0.19,-1.18,43.91,-155.92,-17.65
0.47,-0.15,-1.43,43.75,-167.42,-15.68
-0.32,0.12,-1.17,48.02,-173.9,-17.47
0.18,-0.2,-1.33,47.01,-173.53,-18.28
-0.52,0.18,-1.39,48.03,-167.76,-17.84
0.06,0.01,-1.15,51.82,-162.13,-20.03
-0.3,0.06,-0.66,53.49,-157.14,-17.66
-0.35,0.1,-1.86,56.1,-154.52,-19.97
0.08,-0.07,-0.5,50.62,-143.7,-16.98
-0.15,0.18,-1.62,49.1,-135.68,-17.95
0.36,0.07,-1.59,49.35,-126.34,-19.16
-0.15,-0.07,-1.37,37.43,-92.31,-25.63
0.21,-0.02,-0.26,29.38,-52.46,-29.07
-0.02,0.4,-0.32,28.32,-27.89,-33.09
0.29,0.28,-0.03,27.67,-9.44,-34.19
-0.29,0.31,0.12,21.06,6.95,-32.85
