AccX,AccY,AccZ,AngX,AngY,AngZ
0.13,-0.1,1.04,-7.99,32.56,-96.08
0.26,-0.27,1.72,-6.98,31.17,-96.26
0.13,-0.23,1.27,-1.62,10.1,-100.36
0.43,-0.19,1.65,6.04,2.07,-104.6
0.17,0.21,0.42,10.54,-27.87,-113.17
0.35,0.11,0.37,12.14,-56.56,-120.96
-0.05,0.66,-0.15,13.94,-83.46,-126.2
-0.05,0.65,-0.16,18.81,-99.47,-127.76
0.34,0.21,0.3,25.44,-109.85,-129.79
0.18,0.38,-1.32,33.26,-115.73,-127.34
0.06,0.25,-0.92,43.53,-122.45,-128.78
0.07,0.14,-0.9,51.9,-121.43,-125.75
-0.16,0.18,-2.23,60.34,-126.22,-127.02
0.36,-0.16,-0.95,60.09,-122.85,-125.87
-0.25,0.19,-1.34,63.26,-118.44,-126.13
0.5,-0.23,-1.4,60.59,-116.91,-127.35
-0.12,0.0,-1.2,61.14,-113.17,-126.95
0.4,-0.18,-1.37,53.8,-107.48,-127.71
0.31,-0.05,-1.7,42.93,-95.11,-129.41
0.05,0.11,-1.59,39.15,-73.83,-133.53
