AccX,AccY,AccZ,AngX,AngY,AngZ
-0.01,-0.24,1.78,-4.39,17.23,-25.4
0.35,-0.25,1.28,0.04,-0.61,-28.44
0.48,-0.02,0.76,5.04,-14.56,-32.81
-0.14,0.2,0.89,8.79,-45.81,-42.66
0.49,0.26,0.62,9.95,-74.29,-49.64
0.2,0.47,-0.09,13.15,-97.27,-55.39
0.23,0.28,0.02,19.58,-110.68,-60.68
-0.06,0.29,-0.16,28.48,-121.72,-62.93
0.09,0.15,-0.56,37.17,-130.86,-63.25
-0.19,0.27,-1.44,45.17,-134.86,-62.22
0.16,-0.04,-1.11,47.22,-140.14,-64.11
-0.04,0.08,-1.68,52.25,-137.48,-63.13
-0.27,0.17,-1.61,56.71,-138.16,-65.15
0.21,-0.06,-0.84,52.65,-133.03,-63.37
-0.42,0.34,-1.9,54.75,-130.35,-63.91
0.58,-0.25,-0.51,51.17,-125.94,-64.03
-0.22,0.15,-1.73,50.38,-119.66,-63.32
0.35,-0.11,-1.22,42.88,-107.29,-65.57
-0.09,0.01,-2.48,36.69,-80.29,-69.08
0.03,0.06,0.88,31.41,-39.45,-73.8
-0.1,0.49,-1.3,30.22,-13.49,-83.37
-0.24,0.48,0.78,27.4,13.66,-83.92
-0.22,0.5,-0.27,20.57,33.41,-80.8
0.28,0.11,1.25,15.36,38.89,-79.62
0.13,0.14,0.77,7.19,46.09,-77.72
