AccX,AccY,AccZ,AngX,AngY,AngZ
0.07,-0.01,0.94,-5.5,32.19,-76.49
0.15,-0.15,1.65,-4.15,28.67,-76.52
0.33,-0.1,1.36,-0.78,19.23,-77.52
0.23,-0.09,0.99,4.78,-2.97,-83.49
0.56,0.13,1.06,8.06,-17.75,-87.52
0.29,0.46,-0.08,11.98,-40.37,-92.3
-0.21,0.51,-0.19,16.31,-69.31,-96.8
0.08,0.38,-0.13,20.36,-91.48,-97.68
0.3,0.19,-1.19,27.64,-113.07,-97.79
-0.09,0.21,-1.02,35.08,-126.9,-98.21
0.29,0.05,-1.52,43.4,-130.44,-97.01
0.0,0.16,-1.52,49.97,-135.02,-97.72
0.37,-0.18,-0.98,50.84,-134.07,-97.35
-0.29,0.27,-1.87,52.94,-132.7,-97.18
0.25,-0.06,-1.29,50.07,-131.69,-98.61
-0.3,0.18,-1.29,49.82,-128.87,-97.87
0.06,0.01,-1.77,49.38,-122.45,-97.42
-0.19,0.08,-1.48,45.09,-111.75,-96.49
0.29,-0.06,-1.53,33.44,-89.64,-97.86
0.04,0.06,-0.73,30.41,-54.27,-101.24
-0.06,0.29,-0.27,28.52,-19.43,-105.69
0.18,0.35,0.16,26.02,3.97,-107.97
-0.03,0.45,0.43,24.63,20.2,-107.4
0.07,0.33,0.61,19.13,32.42,-103.31
-0.13,0.39,0.13,16.34,37.39,-99.85
