AccX,AccY,AccZ,AngX,AngY,AngZ
0.23,-0.26,0.46,29.54,-36.01,-137.1
-0.11,0.57,-1.4,28.53,-12.92,-144.02
0.03,0.33,0.69,26.0,18.05,-143.59
-0.29,0.54,-0.3,25.78,41.57,-141.76
0.05,0.25,0.31,18.23,51.94,-137.97
0.18,0.07,0.64,13.31,55.0,-134.81
-0.02,0.07,1.43,5.08,55.3,-133.03
0.27,-0.17,1.75,3.1,48.7,-132.3
0.33,-0.12,1.52,-0.47,54.28,-128.49
0.16,0.01,0.82,-0.65,48.46,-129.06
0.28,0.02,0.88,-1.45,43.04,-129.35
0.3,-0.02,0.88,-2.12,40.45,-128.21
0.37,-0.21,0.81,-5.88,42.59,-126.0
0.37,-0.26,1.03,-6.71,40.63,-126.03
0.19,-0.14,0.56,-8.83,39.87,-123.26
0.4,-0.35,1.59,-9.64,41.08,-122.27
0.32,-0.04,0.24,-11.4,37.39,-122.26
0.39,-0.25,1.24,-12.3,35.92,-122.05
0.49,-0.61,1.77,-14.09,38.66,-120.3
0.33,-0.29,0.83,-12.29,33.39,-122.09
0.16,-0.22,0.3,-15.1,32.91,-120.51
0.28,-0.23,0.67,-14.37,36.1,-118.6
0.13,-0.36,0.65,-19.41,51.1,-114.04
0.15,-0.63,0.7,-23.9,65.01,-112.68
-0.12,-0.29,0.36,-22.61,59.76,-112.9
