AccX,AccY,AccZ,AngX,AngY,AngZ
-0.09,-0.4,1.0,-22.01,55.04,-109.88
-0.26,-0.5,1.38,-23.07,60.16,-109.09
0.17,-0.36,0.62,-25.32,61.26,-105.27
-0.35,-0.26,0.98,-27.72,59.48,-103.75
-0.08,-0.41,0.94,-30.97,57.31,-102.71
-0.19,-0.57,0.66,-33.07,58.14,-101.51
-0.13,-0.58,0.93,-33.52,55.79,-102.08
-0.18,-0.49,0.81,-33.67,55.27,-101.82
-0.14,-0.5,0.84,-33.75,54.2,-101.8
-0.14,-0.49,0.82,-33.79,53.29,-101.72
-0.14,-0.51,0.82,-33.85,52.59,-101.62
-0.13,-0.5,0.82,-33.88,51.64,-101.65
-0.14,-0.5,0.82,-33.97,50.81,-101.61
-0.13,-0.5,0.81,-34.04,50.01,-101.54
-0.14,-0.51,0.83,-34.07,49.18,-101.52
-0.14,-0.5,0.82,-34.14,48.4,-101.5
-0.14,-0.5,0.81,-34.2,47.62,-101.45
-0.14,-0.51,0.82,-34.24,46.84,-101.44
-0.14,-0.51,0.82,-34.29,46.08,-101.43
-0.13,-0.51,0.81,-34.33,45.35,-101.43
-0.14,-0.5,0.82,-34.36,44.63,-101.41
-0.14,-0.5,0.81,-34.41,43.93,-101.39
-0.14,-0.51,0.81,-34.44,43.24,-101.37
-0.14,-0.51,0.82,-34.47,42.54,-101.36
-0.14,-0.51,0.81,-34.5,41.89,-101.35
-0.14,-0.51,0.82,-34.54,41.21,-101.36
-0.14,-0.51,0.82,-34.56,40.57,-101.35
-0.14,-0.52,0.83,-34.59,39.94,-101.34
-0.14,-0.51,0.82,-34.62,39.33,-101.34
-0.14,-0.51,0.82,-34.64,38.71,-101.33
-0.14,-0.51,0.82,-34.66,38.09,-101.32
-0.13,-0.51,0.82,-34.67,37.51,-101.3
-0.14,-0.51,0.82,-34.69,36.95,-101.29
-0.13,-0.51,0.81,-34.77,36.32,-101.28
-0.14,-0.51,0.82,-34.81,35.73,-101.26
-0.13,-0.52,0.82,-34.85,35.15,-101.26
-0.13,-0.52,0.81,-34.88,34.62,-101.25
-0.14,-0.52,0.82,-34.9,34.11,-101.25
-0.13,-0.51,0.82,-34.9,33.6,-101.24
-0.14,-0.51,0.81,-34.93,33.11,-101.21
-0.14,-0.51,0.81,-34.94,32.64,-101.2
-0.14,-0.51,0.82,-34.97,32.11,-101.18
-0.13,-0.52,0.81,-35.0,31.57,-101.17
-0.14,-0.51,0.82,-35.02,31.13,-101.18
-0.13,-0.51,0.82,-35.02,30.68,-101.16
-0.13,-0.51,0.81,-35.04,30.24,-101.15
-0.13,-0.51,0.82,-35.04,29.8,-101.14
-0.12,-0.52,0.81,-35.06,29.35,-101.1
-0.14,-0.52,0.81,-35.13,28.93,-101.16
-0.13,-0.51,0.82,-35.14,28.47,-101.16
-0.13,-0.52,0.81,-35.15,28.07,-101.16
-0.13,-0.51,0.81,-35.16,27.68,-101.15
-0.13,-0.52,0.81,-35.18,27.31,-101.15
-0.14,-0.51,0.82,-35.17,26.94,-101.14
-0.13,-0.51,0.81,-35.19,26.57,-101.13
-0.13,-0.52,0.81,-35.2,26.21,-101.12
-0.13,-0.52,0.82,-35.22,25.85,-101.12
-0.14,-0.53,0.81,-35.29,25.47,-101.15
-0.13,-0.52,0.81,-35.31,25.1,-101.13
-0.13,-0.52,0.81,-35.32,24.78,-101.12
-0.14,-0.52,0.82,-35.32,24.47,-101.11
-0.13,-0.52,0.81,-35.33,24.15,-101.11
-0.13,-0.52,0.82,-35.34,23.84,-101.1
-0.13,-0.52,0.82,-35.36,23.53,-101.1
-0.13,-0.52,0.81,-35.37,23.24,-101.09
-0.13,-0.52,0.81,-35.38,22.95,-101.08
-0.13,-0.52,0.81,-35.4,22.68,-101.07
-0.12,-0.52,0.82,-35.4,22.39,-101.06
-0.13,-0.52,0.81,-35.41,22.12,-101.07
-0.13,-0.53,0.81,-35.44,21.85,-101.06
-0.13,-0.52,0.82,-35.45,21.57,-101.07
-0.13,-0.52,0.82,-35.45,21.31,-101.06
-0.13,-0.52,0.81,-35.46,21.06,-101.04
-0.13,-0.52,0.82,-35.47,20.8,-101.03
-0.13,-0.52,0.82,-35.48,20.56,-101.03
-0.13,-0.52,0.82,-35.49,20.33,-101.03
-0.13,-0.52,0.81,-35.51,20.08,-101.03
-0.13,-0.51,0.81,-35.51,19.85,-101.03
-0.13,-0.52,0.81,-35.51,19.64,-101.02
-0.13,-0.52,0.81,-35.52,19.43,-101.01
-0.13,-0.52,0.82,-35.53,19.2,-101.0
-0.13,-0.52,0.81,-35.54,18.99,-101.0
-0.13,-0.52,0.81,-35.54,18.79,-100.99
-0.13,-0.52,0.82,-35.54,18.59,-100.98
-0.13,-0.51,0.81,-35.54,18.41,-100.98
-0.12,-0.52,0.81,-35.56,18.21,-100.97
-0.13,-0.51,0.82,-35.57,18.02,-100.96
-0.13,-0.52,0.82,-35.56,17.84,-100.96
-0.12,-0.52,0.82,-35.57,17.66,-100.96
-0.13,-0.52,0.82,-35.57,17.47,-100.96
-0.13,-0.52,0.81,-35.59,17.28,-100.95
-0.13,-0.52,0.82,-35.58,17.13,-100.94
-0.13,-0.52,0.81,-35.59,16.96,-100.92
-0.13,-0.52,0.82,-35.59,16.8,-100.9
-0.13,-0.52,0.82,-35.59,16.64,-100.89
-0.13,-0.52,0.82,-35.59,16.49,-100.89
-0.13,-0.52,0.81,-35.61,16.33,-100.86
-0.13,-0.52,0.82,-35.61,16.18,-100.85
-0.13,-0.52,0.81,-35.63,16.06,-100.84
-0.13,-0.52,0.81,-35.63,15.9,-100.84
-0.14,-0.52,0.82,-35.64,15.76,-100.85
