AccX,AccY,AccZ,AngX,AngY,AngZ
0.22,-0.18,1.2,6.04,51.2,-97.09
0.03,0.04,1.17,1.06,55.36,-94.82
0.15,-0.23,1.86,-4.14,55.79,-97.09
0.11,-0.07,1.16,-4.36,51.21,-95.57
0.07,-0.06,1.3,-4.89,50.12,-95.44
0.16,-0.11,1.16,-3.53,47.64,-95.12
-0.05,0.06,0.76,-3.97,47.79,-95.6
0.2,-0.12,0.79,-3.42,43.46,-96.01
0.05,-0.05,0.85,-4.14,46.42,-95.02
0.04,-0.07,0.79,-4.84,42.03,-96.23
0.14,-0.1,1.01,-5.82,42.92,-95.87
0.07,-0.05,1.05,-5.88,39.68,-96.1
0.09,-0.05,0.95,-6.32,40.79,-95.56
0.13,-0.09,0.91,-6.22,37.79,-95.66
0.05,-0.08,1.03,-6.26,38.79,-95.54
0.12,-0.08,0.92,-6.6,35.59,-96.23
0.08,-0.07,0.94,-6.29,35.8,-95.84
0.2,-0.08,0.86,-6.71,33.68,-96.2
0.06,-0.05,0.99,-5.94,34.62,-95.64
0.09,-0.06,0.88,-6.84,33.35,-96.5
0.14,-0.06,0.92,-6.66,32.74,-96.56
0.08,-0.07,0.88,-7.49,33.09,-96.35
0.15,-0.15,1.1,-6.76,31.67,-96.44
0.07,-0.05,0.9,-7.44,33.48,-95.68
0.02,-0.1,1.14,-6.87,32.36,-95.97
