AccX,AccY,AccZ,AngX,AngY,AngZ
0.14,0.12,1.28,3.73,47.44,-76.87
0.11,0.11,1.37,0.76,46.38,-76.44
-0.01,0.15,1.46,-0.27,47.83,-76.25
0.17,0.08,1.04,-1.04,45.8,-76.9
0.13,0.04,1.08,-0.97,45.95,-76.58
0.09,0.05,0.77,-0.89,44.27,-76.9
0.09,0.07,0.92,-0.37,42.98,-76.56
0.06,0.09,1.08,-0.68,42.75,-76.91
0.04,0.09,0.94,-1.17,43.62,-76.23
0.09,0.06,1.03,-1.14,42.45,-76.18
0.03,0.06,0.91,-1.26,41.41,-76.27
0.08,0.06,1.01,-2.22,41.26,-76.59
0.07,0.05,0.81,-1.15,39.75,-75.98
0.11,0.03,1.06,-2.19,40.14,-76.33
0.01,0.05,0.87,-1.33,36.76,-76.13
0.13,0.01,1.16,-2.94,37.96,-75.96
0.03,0.04,0.93,-1.89,35.9,-75.97
0.12,0.01,0.96,-3.62,36.6,-75.98
0.11,-0.03,0.94,-2.82,34.74,-75.8
0.07,0.01,0.9,-4.06,35.12,-75.94
0.05,-0.01,1.07,-3.67,34.41,-75.87
0.11,0.0,0.88,-4.71,34.87,-75.86
0.03,-0.01,1.01,-4.29,34.41,-76.16
0.14,-0.02,0.73,-5.41,33.85,-76.12
0.02,-0.1,1.43,-4.95,34.01,-75.98
