AccX,AccY,AccZ,AngX,AngY,AngZ
0.31,-0.13,0.59,9.55,21.64,-30.32
0.2,0.03,0.98,2.46,27.45,-29.51
0.11,-0.17,1.81,-4.17,37.46,-26.34
0.2,-0.08,1.16,-5.21,34.18,-24.92
0.43,-0.22,1.8,-6.64,35.07,-24.26
0.3,-0.12,0.85,-5.51,32.55,-23.9
0.12,-0.08,1.09,-6.32,33.0,-23.9
0.14,-0.09,0.66,-4.76,32.18,-23.67
0.21,-0.11,1.0,-6.23,32.09,-24.2
0.11,-0.14,1.09,-5.15,32.7,-23.76
0.14,-0.08,0.9,-6.6,32.29,-24.24
0.03,-0.12,1.13,-4.92,33.74,-23.85
0.1,-0.06,0.93,-5.7,35.16,-24.5
-0.07,-0.07,1.17,-4.84,36.65,-23.52
0.04,-0.08,0.93,-6.02,36.59,-24.15
0.09,-0.12,0.97,-5.25,36.37,-23.25
-0.05,-0.05,0.88,-6.15,36.86,-23.7
0.07,-0.12,0.97,-5.83,34.89,-23.9
-0.03,-0.06,1.0,-6.04,34.73,-23.81
0.0,-0.12,1.08,-5.74,32.79,-23.96
0.01,-0.08,0.97,-6.22,33.93,-23.76
-0.05,-0.06,0.88,-7.1,32.88,-24.33
-0.02,-0.11,1.06,-6.35,32.71,-24.41
-0.04,-0.06,0.98,-7.34,33.24,-24.33
-0.07,-0.07,0.89,-5.83,30.34,-24.61
0.07,-0.13,1.22,-7.42,31.45,-24.85
0.0,-0.1,0.79,-5.89,29.71,-23.84
-0.13,-0.02,1.01,-6.85,29.58,-24.42
0.07,-0.15,1.07,-5.06,25.56,-24.66
0.04,-0.08,1.02,-6.36,28.08,-24.22
-0.08,-0.09,0.89,-5.65,25.48,-24.5
0.01,-0.09,1.08,-6.48,26.31,-24.77
0.05,-0.11,0.78,-6.3,24.7,-24.55
-0.03,-0.07,1.05,-6.32,25.56,-24.64
0.06,-0.11,0.81,-6.68,23.15,-25.05
0.01,-0.12,1.21,-6.33,23.83,-24.66
0.03,-0.1,0.85,-6.86,22.81,-24.71
0.03,-0.16,1.16,-6.25,22.76,-24.6
0.06,-0.17,1.07,-6.82,23.55,-24.44
0.01,-0.1,0.91,-6.28,22.1,-24.59
