AccX,AccY,AccZ,AngX,AngY,AngZ
-0.06,0.22,0.98,-7.39,-7.74,4.99
-0.05,0.11,0.98,-5.95,-12.51,5.44
0.14,0.2,0.76,-9.24,-22.07,6.4
0.17,-0.07,1.05,-14.42,-20.04,6.6
0.21,0.06,0.92,-14.35,-18.94,5.5
0.16,0.04,0.99,-14.22,-16.42,5.86
0.14,0.07,0.96,-11.64,-14.87,5.45
0.08,0.23,0.96,-13.62,-15.66,5.49
0.2,0.05,0.94,-13.5,-15.78,5.94
0.1,0.13,0.91,-11.92,-14.2,7.06
0.17,0.2,0.84,-12.64,-14.32,8.09
0.01,-0.04,0.56,-5.46,15.45,3.4
-0.71,0.08,1.78,-11.7,5.23,1.98
-0.27,0.18,0.62,-7.48,4.4,4.31
-0.32,0.17,1.01,-9.34,4.96,6.01
-0.26,0.27,0.76,-9.34,3.76,9.65
-0.07,-0.06,0.94,-9.92,1.76,9.76
-0.23,0.08,1.08,-11.63,-3.7,11.03
-0.23,0.11,0.75,-11.45,-13.36,10.76
-0.37,0.03,0.87,-14.63,-8.34,13.36
-0.13,-0.26,1.65,-16.19,-13.67,17.33
0.01,0.04,0.27,-10.26,-25.45,16.91
0.73,0.0,1.0,-9.57,-26.38,18.9
0.33,0.03,0.77,-9.61,-24.87,20.66
0.1,0.07,1.2,-8.9,-18.28,21.04
-0.15,0.21,1.22,-9.34,-14.14,19.45
0.09,0.02,0.85,-9.1,-8.91,19.11
0.29,-0.02,0.74,-9.37,-5.83,19.39
0.02,-0.15,1.08,-12.85,-0.22,8.79
-0.8,0.21,0.86,-10.23,-0.23,5.6
-0.15,-0.06,1.0,-11.51,3.8,2.35
-0.48,0.16,0.74,-13.87,8.83,2.2
-0.56,-0.0,1.11,-12.24,14.81,0.05
-0.24,-0.21,0.63,-13.8,19.28,-2.52
-0.83,-0.14,1.91,-13.39,19.82,-1.83
-0.56,-0.14,1.17,-14.6,19.11,-1.95
-0.72,-0.04,0.65,-16.6,14.37,-1.85
0.27,0.0,0.49,-16.01,14.89,-1.01
-0.54,-0.0,0.94,-17.9,12.93,-3.26
-0.66,-0.21,1.19,-22.13,11.06,-4.44
