AccX,AccY,AccZ,AngX,AngY,AngZ
-0.44,-0.3,0.79,-25.4,11.08,-6.46
-0.41,-0.28,0.74,-25.57,13.13,-7.22
-0.41,-0.39,0.88,-24.53,14.66,-7.88
-0.44,-0.36,0.83,-24.54,14.77,-7.91
-0.42,-0.33,0.81,-24.62,15.19,-8.02
-0.44,-0.35,0.81,-24.75,15.58,-8.22
-0.42,-0.36,0.79,-24.92,15.87,-8.38
-0.43,-0.36,0.79,-24.98,16.2,-8.45
-0.44,-0.35,0.79,-25.04,16.45,-8.54
-0.43,-0.35,0.81,-25.11,16.71,-8.61
-0.43,-0.35,0.78,-25.17,17.08,-8.65
-0.42,-0.35,0.78,-25.19,17.35,-8.69
-0.43,-0.36,0.77,-25.14,17.7,-8.72
-0.44,-0.36,0.8,-25.13,17.86,-8.75
-0.44,-0.36,0.79,-25.14,18.06,-8.79
-0.43,-0.36,0.79,-25.16,18.33,-8.82
-0.45,-0.35,0.79,-25.19,18.53,-8.87
-0.43,-0.36,0.77,-25.21,18.76,-8.88
-0.43,-0.38,0.79,-25.29,18.96,-8.91
-0.44,-0.36,0.78,-25.3,19.13,-8.93
-0.43,-0.37,0.8,-25.37,19.36,-8.93
-0.45,-0.38,0.8,-25.4,19.65,-8.95
-0.44,-0.37,0.79,-25.36,19.57,-8.86
-0.42,-0.37,0.78,-25.41,19.66,-8.84
-0.42,-0.35,0.8,-25.13,20.02,-8.81
-0.43,-0.36,0.77,-25.19,20.23,-8.87
-0.43,-0.37,0.78,-25.19,20.47,-8.9
-0.43,-0.37,0.77,-25.25,20.65,-8.91
-0.44,-0.37,0.78,-25.33,20.83,-8.95
-0.44,-0.37,0.79,-25.39,21.01,-8.98
-0.43,-0.37,0.76,-25.46,21.23,-8.98
-0.43,-0.36,0.77,-25.5,21.37,-8.95
-0.43,-0.36,0.78,-25.53,21.53,-8.95
-0.44,-0.37,0.77,-25.59,21.66,-8.96
-0.43,-0.37,0.78,-25.6,21.75,-8.92
-0.43,-0.37,0.78,-25.64,21.87,-8.84
-0.44,-0.39,0.79,-25.76,22.01,-8.84
-0.45,-0.35,0.78,-25.72,22.18,-8.85
-0.44,-0.38,0.78,-25.7,22.25,-8.82
-0.44,-0.37,0.78,-25.71,22.35,-8.81
-0.46,-0.38,0.78,-25.76,22.52,-8.81
-0.44,-0.37,0.78,-25.74,22.69,-8.79
-0.45,-0.37,0.79,-25.78,22.78,-8.8
-0.44,-0.35,0.77,-25.72,22.94,-8.76
-0.45,-0.36,0.78,-25.65,23.05,-8.74
-0.43,-0.38,0.78,-25.69,23.12,-8.72
-0.45,-0.37,0.78,-25.76,23.28,-8.71
-0.44,-0.37,0.8,-25.71,23.34,-8.69
-0.43,-0.37,0.77,-25.72,23.45,-8.67
-0.43,-0.36,0.77,-25.77,23.57,-8.69
-0.44,-0.36,0.77,-25.78,23.68,-8.68
-0.45,-0.38,0.8,-25.77,23.81,-8.67
-0.44,-0.37,0.79,-25.77,23.9,-8.66
-0.45,-0.37,0.78,-25.73,24.03,-8.61
-0.44,-0.36,0.78,-25.74,24.12,-8.59
-0.44,-0.37,0.77,-25.76,24.3,-8.59
-0.45,-0.37,0.78,-25.85,24.46,-8.61
-0.44,-0.36,0.77,-25.87,24.59,-8.55
-0.45,-0.38,0.78,-25.85,24.66,-8.5
-0.44,-0.37,0.78,-25.82,24.75,-8.48
-0.45,-0.37,0.78,-25.83,24.84,-8.5
-0.44,-0.37,0.77,-25.86,24.98,-8.52
-0.44,-0.37,0.77,-25.86,25.04,-8.51
-0.45,-0.37,0.78,-25.92,25.09,-8.53
-0.45,-0.37,0.78,-26.0,25.25,-8.57
-0.45,-0.37,0.78,-26.01,25.32,-8.58
-0.45,-0.37,0.77,-26.01,25.42,-8.6
-0.44,-0.37,0.77,-26.01,25.5,-8.57
-0.45,-0.36,0.77,-25.99,25.63,-8.6
-0.45,-0.37,0.77,-26.01,25.68,-8.6
-0.44,-0.37,0.77,-26.02,25.71,-8.58
-0.45,-0.38,0.78,-26.03,25.77,-8.57
-0.45,-0.36,0.78,-26.03,25.85,-8.58
-0.45,-0.38,0.77,-26.05,25.88,-8.59
-0.44,-0.36,0.77,-26.09,25.9,-8.6
-0.44,-0.37,0.76,-26.06,25.94,-8.55
-0.45,-0.36,0.77,-26.08,26.01,-8.57
-0.44,-0.37,0.76,-26.09,26.06,-8.56
-0.44,-0.37,0.76,-26.04,26.09,-8.52
-0.45,-0.37,0.78,-26.07,26.19,-8.55
-0.45,-0.37,0.78,-26.1,26.27,-8.55
-0.45,-0.36,0.77,-26.08,26.32,-8.55
-0.44,-0.36,0.77,-26.05,26.35,-8.51
-0.44,-0.36,0.77,-26.07,26.38,-8.51
-0.44,-0.37,0.76,-26.09,26.41,-8.5
-0.45,-0.37,0.76,-26.08,26.45,-8.49
-0.45,-0.37,0.77,-26.08,26.51,-8.48
-0.44,-0.37,0.76,-26.11,26.55,-8.47
-0.45,-0.37,0.78,-26.11,26.59,-8.47
-0.46,-0.37,0.77,-26.13,26.64,-8.49
-0.45,-0.38,0.76,-26.16,26.73,-8.53
-0.44,-0.37,0.76,-26.14,26.77,-8.51
-0.45,-0.38,0.77,-26.14,26.79,-8.49
-0.45,-0.37,0.78,-26.14,26.82,-8.48
-0.45,-0.37,0.77,-26.14,26.85,-8.47
-0.45,-0.37,0.78,-26.14,26.87,-8.46
-0.45,-0.37,0.78,-26.14,26.88,-8.45
-0.45,-0.38,0.77,-26.15,26.93,-8.45
-0.45,-0.37,0.77,-26.16,26.96,-8.45
-0.45,-0.37,0.78,-26.15,26.99,-8.46
-0.45,-0.37,0.76,-26.16,27.03,-8.44
-0.45,-0.38,0.77,-26.18,27.07,-8.43
-0.45,-0.38,0.77,-26.18,27.12,-8.41
-0.45,-0.37,0.76,-26.18,27.15,-8.4
-0.45,-0.38,0.78,-26.19,27.16,-8.39
-0.45,-0.37,0.77,-26.18,27.2,-8.39
-0.46,-0.38,0.77,-26.17,27.24,-8.38
-0.45,-0.37,0.79,-26.18,27.29,-8.4
-0.45,-0.38,0.78,-26.16,27.32,-8.38
-0.45,-0.37,0.77,-26.17,27.35,-8.38
-0.45,-0.38,0.78,-26.18,27.37,-8.37
-0.45,-0.37,0.76,-26.17,27.39,-8.36
-0.45,-0.38,0.76,-26.19,27.43,-8.35
-0.44,-0.37,0.77,-26.18,27.45,-8.33
-0.45,-0.37,0.78,-26.16,27.48,-8.32
-0.45,-0.38,0.77,-26.18,27.51,-8.32
-0.45,-0.38,0.78,-26.18,27.53,-8.31
-0.44,-0.37,0.78,-26.18,27.54,-8.3
-0.45,-0.37,0.77,-26.19,27.57,-8.29
-0.45,-0.38,0.78,-26.19,27.57,-8.28
-0.45,-0.37,0.78,-26.19,27.59,-8.28
