AccX,AccY,AccZ,AngX,AngY,AngZ
-0.14,0.2,1.05,4.39,-8.82,7.99
-0.16,-0.07,0.88,3.67,-8.83,7.45
-0.16,0.21,0.88,5.82,-9.45,8.62
-0.06,0.31,1.04,5.58,-9.65,9.78
-0.04,0.23,0.93,6.25,-9.87,10.37
-0.06,0.23,0.94,4.78,-8.5,9.44
-0.11,0.2,0.92,5.66,-8.94,9.41
-0.09,0.2,0.95,5.87,-8.29,9.45
-0.1,0.15,0.88,5.65,-8.06,9.24
-0.08,0.06,0.86,5.87,-7.58,9.13
-0.09,0.21,0.95,6.31,-8.13,9.36
-0.1,0.2,1.05,6.28,-8.95,9.8
-0.08,0.26,0.96,6.59,-9.06,10.31
-0.06,0.24,1.02,6.89,-8.75,10.49
-0.06,0.22,0.89,6.74,-8.41,10.76
