AccX,AccY,AccZ,AngX,AngY,AngZ
0.14,0.51,0.93,-8.77,-5.74,11.93
0.08,0.15,1.0,-7.91,-5.33,11.39
0.03,-0.12,1.02,-8.58,-5.63,11.09
0.04,0.06,1.0,-8.37,-5.78,11.33
0.06,0.14,0.97,-8.36,-5.46,11.4
0.05,0.06,0.96,-8.18,-5.08,11.41
0.07,0.04,0.96,-7.71,-5.15,11.37
0.08,0.08,0.96,-7.82,-4.82,11.35
0.08,0.06,0.95,-8.1,-4.82,11.31
0.06,0.02,0.94,-8.73,-4.5,11.26
0.1,0.03,0.94,-8.16,-4.64,11.57
0.05,0.07,0.92,-7.49,-4.41,11.88
0.07,0.13,1.05,-8.87,-3.71,11.41
0.02,0.01,1.06,-8.79,-3.56,10.8
0.01,-0.02,0.94,-8.36,-2.8,10.38
-0.0,0.02,0.92,-7.58,-2.46,10.27
0.0,0.0,0.9,-7.23,-2.21,10.41
0.03,0.03,0.94,-7.69,-2.52,10.38
0.02,0.04,0.96,-7.28,-3.07,10.63
0.02,0.14,1.07,-6.79,-3.54,10.57
0.01,-0.02,0.97,-6.74,-3.08,10.68
0.02,0.08,1.01,-6.36,-2.6,10.51
0.02,0.02,0.96,-6.08,-2.88,10.9
0.04,0.01,0.98,-5.97,-2.7,10.78
0.05,0.08,0.95,-5.78,-3.11,10.94
