AccX,AccY,AccZ,AngX,AngY,AngZ
-0.09,0.43,1.03,-9.88,-7.06,2.19
-0.03,0.18,0.85,-10.45,-7.03,1.49
-0.06,0.02,0.99,-10.6,-7.84,1.85
-0.09,-0.03,1.04,-10.01,-7.2,2.54
-0.1,0.04,0.99,-9.74,-6.96,2.81
-0.05,0.11,0.93,-8.67,-6.85,3.03
-0.05,0.05,0.97,-8.59,-6.5,2.64
-0.08,0.03,0.88,-8.43,-6.04,2.74
-0.09,0.06,0.98,-7.91,-5.92,3.06
-0.09,0.06,1.02,-8.11,-5.82,3.19
-0.08,0.08,0.96,-7.6,-5.51,3.66
-0.07,-0.02,0.94,-7.22,-5.18,4.26
-0.06,0.11,0.96,-6.43,-6.18,5.85
0.03,0.8,1.01,-6.7,-5.59,6.47
-0.01,0.59,1.1,-8.34,-3.32,2.5
