AccX,AccY,AccZ,AngX,AngY,AngZ
-0.03,0.2,0.95,6.16,-7.72,10.76
-0.04,0.19,0.9,5.16,-7.76,10.59
-0.06,0.14,0.93,4.25,-7.54,11.05
-0.03,0.45,1.01,2.22,-7.05,10.91
0.02,0.86,1.05,5.66,-7.46,9.04
0.07,0.09,1.17,5.29,-5.18,2.94
-0.16,-1.69,0.58,1.64,-1.62,0.6
0.01,-0.65,0.42,-1.55,-5.22,8.82
0.11,1.7,1.38,7.55,-11.84,19.54
0.5,2.38,1.31,4.88,-10.44,12.85
0.54,-0.14,0.88,4.68,-2.59,-2.0
-0.16,-2.73,0.1,-1.89,-0.84,-4.33
0.08,-0.56,0.63,0.14,-6.57,7.75
0.31,1.58,1.47,5.03,-12.96,21.16
0.44,2.54,1.27,5.98,-9.91,17.03
0.47,0.4,0.87,4.93,-4.99,2.79
-0.23,-2.89,0.48,1.75,-1.92,-2.31
0.04,-0.89,0.56,1.01,-5.17,10.32
0.39,2.45,1.27,0.21,-7.52,19.08
0.46,2.27,0.91,0.62,-5.76,9.4
0.1,-2.13,1.14,-3.15,-1.96,-5.69
-0.08,-1.83,0.19,-5.79,-3.71,4.63
0.28,2.27,1.34,-3.27,-9.54,15.73
0.49,2.55,1.17,-4.01,-7.05,7.11
0.03,-2.08,0.83,-9.89,-2.93,-5.21
-0.12,-1.67,0.15,-8.57,-5.03,7.84
0.36,2.45,1.12,-5.1,-9.15,12.52
0.42,1.5,1.4,-7.6,-7.48,3.22
-0.27,-2.27,0.64,-11.09,-2.9,-4.37
-0.05,-0.81,0.41,-13.63,-5.8,5.35
0.24,2.42,1.42,-10.28,-10.19,9.59
0.33,0.87,1.37,-10.38,-7.82,0.31
-0.34,-2.3,0.6,-12.9,-5.12,-3.18
-0.0,-0.19,0.58,-14.13,-7.28,6.76
0.18,2.2,1.31,-10.69,-9.3,7.41
0.27,0.24,0.96,-13.63,-6.69,-2.77
-0.26,-2.2,0.83,-15.98,-6.33,-1.97
0.08,0.72,0.69,-16.05,-9.74,7.67
0.21,1.77,1.41,-12.93,-9.32,3.98
0.06,-0.83,0.94,-14.77,-5.31,-6.36
