AccX,AccY,AccZ,AngX,AngY,AngZ
-0.08,0.08,0.96,-7.6,-5.51,3.66
-0.07,-0.02,0.94,-7.22,-5.18,4.26
-0.06,0.11,0.96,-6.43,-6.18,5.85
0.03,0.8,1.01,-6.7,-5.59,6.47
-0.01,0.59,1.1,-8.34,-3.32,2.5
-0.04,-1.22,0.98,-7.04,-2.14,-2.71
-0.1,-1.23,0.43,-10.65,1.1,0.17
-0.02,0.44,0.64,-11.75,-5.44,11.34
0.46,1.93,1.93,-7.64,-6.91,14.7
0.41,0.3,1.42,-8.17,-0.57,1.9
-0.3,-2.4,0.24,-9.79,1.27,-1.94
0.01,-0.76,0.54,-11.32,-1.33,6.78
0.18,2.59,1.9,-7.9,-6.51,14.19
0.5,0.94,1.16,-6.47,-1.0,1.32
-0.39,-2.54,0.37,-10.45,-0.53,-2.36
0.08,-0.43,0.52,-11.54,-4.58,9.11
0.4,2.39,1.8,-8.48,-6.85,9.92
0.26,0.15,1.04,-10.66,-2.09,-0.6
-0.32,-2.33,0.52,-13.81,-1.51,1.09
0.11,0.78,0.78,-11.33,-7.24,13.97
0.29,1.75,1.57,-7.55,-4.96,8.79
-0.16,-1.46,0.68,-7.21,-1.27,-0.46
-0.19,-1.19,0.63,-12.19,-1.7,7.26
0.15,2.07,1.43,-7.41,-7.73,12.14
0.27,0.41,1.16,-9.26,-4.6,3.46
-0.3,-1.49,0.76,-11.22,-4.87,2.85
-0.08,0.34,0.77,-11.85,-7.13,8.36
0.08,0.91,1.3,-11.17,-8.48,8.07
0.0,-0.02,0.91,-11.14,-6.62,4.43
-0.13,-0.13,0.79,-10.26,-5.85,3.86
