AccX,AccY,AccZ,AngX,AngY,AngZ
-0.08,-0.38,0.88,-23.29,5.94,-0.85
-0.31,-0.67,1.09,-16.25,10.69,-0.11
-0.05,-0.25,0.98,-17.05,9.04,0.13
-0.17,-0.35,0.98,-15.46,7.08,0.21
-0.13,-0.24,0.91,-17.52,-0.53,-1.5
-0.3,-0.12,1.1,-16.68,1.14,-0.23
-0.21,-0.32,0.91,-16.78,0.54,-0.93
-0.48,-0.16,0.83,-15.44,8.59,-0.49
-1.0,-0.03,1.39,-12.38,19.53,6.46
-0.06,-0.33,0.83,-7.76,11.71,8.64
-0.4,0.04,0.71,-6.03,12.61,11.55
-0.11,-0.01,1.16,-5.29,11.5,12.02
-0.5,0.02,1.16,-0.37,9.71,15.16
-0.1,-0.0,0.76,1.11,7.2,16.76
-0.35,0.46,1.01,4.21,12.09,21.15
0.23,0.06,0.44,5.18,11.69,21.15
-0.39,0.48,1.05,4.96,17.38,24.92
-0.07,-0.04,0.99,10.72,20.91,28.63
-0.7,0.42,0.89,9.26,19.92,29.27
0.03,0.22,0.73,10.02,20.78,31.39
-0.41,0.47,0.92,11.7,21.46,34.01
-0.25,0.33,0.68,12.44,20.73,33.78
-0.1,0.41,0.8,15.67,18.5,37.31
-0.17,0.36,0.67,15.19,18.53,35.99
-0.2,0.43,0.67,17.38,15.33,38.86
-0.32,0.58,0.83,16.73,15.16,38.93
-0.1,0.41,0.92,16.21,13.62,39.58
0.08,0.26,0.47,15.28,13.68,38.76
0.07,0.44,0.81,15.84,11.36,38.82
-0.06,0.42,0.95,16.97,13.89,40.58
