AccX,AccY,AccZ,AngX,AngY,AngZ
0.17,0.2,1.81,-36.19,-20.6,20.59
0.26,0.29,1.09,-39.1,-20.98,20.17
0.28,0.2,1.44,-34.15,-22.32,19.45
0.27,-0.1,0.97,-34.68,-21.01,17.78
0.33,0.04,1.07,-32.6,-19.75,18.25
0.38,-0.13,1.08,-31.48,-19.92,17.89
0.32,0.01,0.94,-32.24,-19.91,16.54
0.2,-0.37,0.64,-34.66,-19.92,14.95
0.06,-0.11,0.75,-38.66,-19.4,14.53
0.03,0.3,0.96,-36.82,-18.78,14.45
0.04,0.23,0.74,-35.77,-18.84,12.21
0.05,0.17,1.09,-37.32,-18.85,11.34
0.11,-0.09,1.16,-35.99,-17.67,11.58
0.12,-0.12,1.06,-34.35,-16.09,11.63
0.09,0.0,0.96,-32.55,-15.09,11.77
0.13,-0.01,0.8,-31.98,-14.45,11.32
0.17,-0.08,0.87,-33.17,-15.84,11.27
-0.01,0.09,1.15,-39.81,-23.17,11.13
0.04,-0.24,1.19,-38.76,-20.62,10.28
0.15,-0.06,0.99,-38.48,-20.6,7.57
