AccX,AccY,AccZ,AngX,AngY,AngZ
0.17,-0.08,0.91,-1.56,-4.25,1.8
0.15,-0.04,0.67,-3.27,-1.23,2.68
0.18,-0.15,0.87,-3.15,-1.45,2.68
0.15,-0.11,0.97,-3.23,-1.62,2.89
0.14,-0.1,0.97,-3.42,-1.77,2.84
0.12,-0.08,0.94,-3.35,-1.52,2.54
0.12,-0.15,0.97,-3.44,-1.55,1.58
0.15,-0.1,0.98,-3.52,-1.67,1.45
0.14,-0.08,0.97,-3.68,-1.78,1.23
0.14,-0.09,0.96,-3.81,-1.85,1.1
0.15,-0.09,0.94,-3.92,-1.96,0.96
0.14,-0.08,0.97,-4.04,-2.05,0.81
0.14,-0.09,0.97,-4.13,-2.15,0.78
0.15,-0.08,0.94,-4.21,-2.24,0.72
0.13,-0.09,0.95,-4.19,-2.32,0.65
0.14,-0.08,0.96,-4.23,-2.42,0.65
0.14,-0.09,0.95,-4.27,-2.5,0.58
0.15,-0.09,0.97,-4.32,-2.58,0.59
0.15,-0.08,0.96,-4.32,-2.67,0.64
0.13,-0.09,0.96,-4.39,-2.75,0.6
0.15,-0.09,0.96,-4.34,-2.84,0.57
0.14,-0.08,0.96,-4.42,-2.94,0.4
0.15,-0.09,0.94,-4.53,-3.02,-0.03
0.12,-0.08,0.95,-4.62,-3.13,-0.21
0.14,-0.1,0.97,-4.71,-3.25,-0.22
0.16,-0.08,0.95,-4.84,-3.36,-0.18
0.14,-0.08,0.96,-4.97,-3.44,-0.2
0.15,-0.08,0.97,-5.04,-3.5,-0.2
0.13,-0.07,0.96,-5.14,-3.6,-0.21
0.15,-0.09,0.95,-5.38,-3.67,-0.65
0.13,-0.09,0.94,-5.39,-3.67,-0.69
0.14,-0.09,0.96,-5.4,-3.71,-0.73
0.12,-0.07,0.97,-5.45,-3.77,-0.73
0.11,0.06,0.93,-5.0,-3.81,0.1
0.16,-0.23,0.97,-5.24,-3.96,0.65
0.12,-0.06,1.0,-5.33,-3.96,0.65
0.14,-0.06,0.91,-5.63,-3.96,-0.08
0.13,-0.02,0.94,-5.56,-4.02,0.03
0.18,-0.19,0.93,-5.69,-4.12,0.02
0.13,-0.08,0.97,-5.71,-4.15,0.01
0.14,-0.08,0.94,-5.78,-4.23,0.05
0.15,-0.08,0.95,-5.79,-4.31,0.04
0.14,-0.07,0.97,-5.87,-4.4,-0.11
0.13,-0.1,0.93,-6.04,-4.4,-0.21
0.15,-0.07,0.95,-6.12,-4.47,-0.19
0.13,-0.08,0.96,-6.1,-4.53,-0.26
0.15,-0.08,0.96,-6.13,-4.56,-0.27
0.13,-0.1,0.98,-6.2,-4.61,-0.21
0.14,-0.09,0.97,-6.33,-4.73,-0.2
0.14,-0.08,0.95,-6.37,-4.76,-0.19
0.15,-0.08,0.98,-6.37,-4.84,-0.14
0.13,-0.08,0.96,-6.44,-4.86,-0.14
0.15,-0.09,0.96,-6.49,-4.92,-0.11
0.15,-0.09,0.98,-6.51,-4.99,-0.14
0.13,-0.07,0.96,-6.49,-5.02,-0.1
0.13,-0.08,0.96,-6.52,-5.06,-0.1
0.13,-0.09,0.97,-6.56,-5.08,-0.09
0.12,-0.07,0.94,-6.54,-5.11,-0.11
0.14,-0.07,0.96,-6.49,-5.14,-0.06
0.14,-0.08,0.96,-6.53,-5.17,-0.06
0.13,-0.08,0.95,-6.55,-5.22,-0.05
0.14,-0.07,0.96,-6.59,-5.25,-0.04
0.13,-0.08,0.95,-6.6,-5.28,-0.02
0.14,-0.08,0.96,-6.65,-5.36,-0.02
0.14,-0.07,0.95,-6.62,-5.42,0.01
0.15,-0.07,0.97,-6.61,-5.51,0.0
0.13,-0.08,0.97,-6.62,-5.51,0.03
0.14,-0.08,0.95,-6.67,-5.52,0.04
0.15,-0.08,0.95,-6.68,-5.57,0.06
0.13,-0.08,0.95,-6.72,-5.58,0.05
0.14,-0.08,0.95,-6.75,-5.65,0.07
0.14,-0.08,0.96,-6.77,-5.68,0.09
0.16,-0.08,0.98,-6.84,-5.74,0.11
0.13,-0.07,0.95,-6.82,-5.78,0.11
0.14,-0.07,0.97,-6.87,-5.85,0.12
0.15,-0.08,0.95,-6.92,-5.88,0.15
0.15,-0.07,0.95,-6.97,-5.94,0.15
0.13,-0.07,0.96,-6.97,-5.96,0.16
0.14,-0.08,0.96,-7.02,-5.98,0.18
0.14,-0.08,0.96,-7.02,-6.0,0.19
0.14,-0.08,0.98,-7.06,-6.04,0.2
0.14,-0.08,0.96,-7.08,-6.07,0.21
0.14,-0.08,0.96,-7.08,-6.1,0.23
0.14,-0.07,0.96,-7.1,-6.14,0.24
0.14,-0.08,0.96,-7.13,-6.16,0.25
0.14,-0.08,0.96,-7.13,-6.18,0.26
0.14,-0.08,0.96,-7.15,-6.22,0.29
0.13,-0.07,0.97,-7.19,-6.22,0.3
0.13,-0.08,0.97,-7.22,-6.24,0.31
0.14,-0.08,0.96,-7.24,-6.25,0.33
0.14,-0.07,0.97,-7.27,-6.27,0.34
0.14,-0.08,0.96,-7.3,-6.28,0.34
0.15,-0.08,0.96,-7.32,-6.31,0.36
0.14,-0.08,0.97,-7.31,-6.35,0.37
0.14,-0.07,0.96,-7.34,-6.36,0.39
0.14,-0.08,0.96,-7.38,-6.38,0.39
0.14,-0.07,0.95,-7.35,-6.41,0.39
0.14,-0.08,0.96,-7.36,-6.44,0.39
0.14,-0.07,0.97,-7.39,-6.44,0.42
0.14,-0.08,0.97,-7.42,-6.48,0.43
0.14,-0.08,0.96,-7.46,-6.48,0.4
0.14,-0.07,0.97,-7.48,-6.5,0.38
0.16,-0.08,0.97,-7.5,-6.54,0.38
0.14,-0.08,0.96,-7.54,-6.57,0.39
0.15,-0.08,0.97,-7.56,-6.59,0.4
0.14,-0.08,0.96,-7.58,-6.62,0.4
0.14,-0.08,0.96,-7.61,-6.64,0.42
0.15,-0.08,0.96,-7.61,-6.65,0.44
0.14,-0.08,0.96,-7.6,-6.68,0.44
0.14,-0.08,0.96,-7.63,-6.68,0.46
0.14,-0.08,0.96,-7.63,-6.69,0.47
0.14,-0.08,0.95,-7.63,-6.7,0.48
0.14,-0.07,0.96,-7.63,-6.72,0.5
0.14,-0.08,0.96,-7.64,-6.72,0.51
0.15,-0.08,0.95,-7.64,-6.74,0.53
0.15,-0.07,0.97,-7.62,-6.77,0.55
0.14,-0.08,0.96,-7.66,-6.78,0.56
0.14,-0.08,0.95,-7.66,-6.79,0.57
0.15,-0.08,0.97,-7.67,-6.8,0.58
0.14,-0.08,0.96,-7.67,-6.8,0.6
0.14,-0.07,0.96,-7.68,-6.8,0.62
0.14,-0.08,0.96,-7.7,-6.8,0.62
0.14,-0.08,0.96,-7.7,-6.81,0.64
0.14,-0.08,0.97,-7.7,-6.83,0.64
0.14,-0.08,0.96,-7.71,-6.82,0.65
0.14,-0.07,0.95,-7.7,-6.83,0.67
0.14,-0.07,0.97,-7.69,-6.84,0.68
0.14,-0.07,0.95,-7.71,-6.84,0.7
0.13,-0.07,0.99,-7.74,-6.84,0.7
