AccX,AccY,AccZ,AngX,AngY,AngZ
-0.14,0.43,0.99,15.23,16.0,41.33
-0.17,0.39,0.9,14.76,17.55,41.49
-0.16,0.47,0.8,14.42,17.73,40.99
-0.14,0.44,0.78,14.83,18.0,41.09
-0.18,0.48,0.88,14.9,16.94,40.94
-0.13,0.41,0.85,15.24,17.65,41.16
-0.17,0.43,0.85,15.35,17.45,40.93
-0.14,0.43,0.81,15.22,16.69,41.01
-0.11,0.42,0.84,15.75,15.76,40.92
-0.13,0.44,0.81,15.44,15.59,41.04
-0.16,0.4,0.88,14.95,15.62,40.8
-0.16,0.4,0.88,14.28,15.34,40.59
-0.14,0.41,0.92,14.24,15.03,40.46
-0.13,0.39,0.85,14.16,14.63,40.49
-0.11,0.38,0.88,13.56,14.84,40.42
-0.17,0.36,0.87,13.45,15.03,40.22
-0.13,0.35,0.9,13.01,14.87,40.24
-0.14,0.35,0.85,13.12,14.55,40.21
-0.12,0.34,0.91,12.89,14.41,40.16
-0.17,0.34,0.92,12.33,14.36,39.68
-0.13,0.37,0.91,12.49,14.0,39.64
-0.14,0.34,0.9,12.05,13.91,39.66
-0.14,0.33,0.92,11.93,13.52,39.48
-0.12,0.33,0.89,11.81,13.71,39.58
-0.13,0.34,0.87,12.08,13.93,39.6
-0.14,0.33,0.92,12.21,13.67,39.6
-0.15,0.33,0.88,12.23,13.43,39.52
-0.16,0.33,0.91,12.19,13.64,39.47
-0.13,0.33,0.89,12.54,13.44,39.57
-0.12,0.33,0.86,12.61,13.66,39.64
