AccX,AccY,AccZ,AngX,AngY,AngZ
0.07,0.29,0.46,-17.22,-13.71,25.6
0.0,0.14,0.74,-17.65,-15.19,25.89
0.03,-0.04,1.06,-19.01,-15.25,25.42
0.02,0.05,1.05,-18.14,-15.87,26.31
0.06,0.22,1.07,-17.54,-16.59,26.85
0.08,0.11,0.98,-17.37,-15.99,27.02
0.07,0.18,0.99,-16.65,-16.17,26.9
0.08,0.08,1.04,-16.19,-15.44,26.49
0.04,0.04,0.95,-16.55,-15.0,25.97
0.05,0.05,0.86,-15.94,-14.8,26.16
0.06,0.07,0.91,-15.6,-14.88,26.25
0.07,0.09,0.96,-15.95,-14.74,26.24
0.07,0.12,0.96,-15.74,-14.49,26.22
0.08,0.09,0.97,-15.61,-14.13,26.07
0.05,0.07,0.99,-15.56,-13.73,26.05
0.06,0.08,0.98,-14.39,-13.32,26.27
0.06,0.1,0.94,-14.2,-12.96,26.26
0.04,0.11,0.94,-14.05,-12.9,26.16
0.06,0.04,1.0,-13.8,-12.71,26.15
0.06,0.09,0.99,-13.25,-12.52,26.11
0.06,0.1,0.92,-12.43,-12.29,26.21
0.05,0.07,0.97,-12.23,-12.03,26.11
0.06,0.09,0.96,-11.93,-11.97,26.14
0.06,0.09,0.92,-11.89,-11.75,26.18
0.06,0.09,1.03,-11.44,-11.66,26.75
