AccX,AccY,AccZ,AngX,AngY,AngZ
0.07,0.29,0.46,-17.22,-13.71,25.6
0.0,0.14,0.74,-17.65,-15.19,25.89
0.03,-0.04,1.06,-19.01,-15.25,25.42
0.02,0.05,1.05,-18.14,-15.87,26.31
0.06,0.22,1.07,-17.54,-16.59,26.85
0.08,0.11,0.98,-17.37,-15.99,27.02
0.07,0.18,0.99,-16.65,-16.17,26.9
0.08,0.08,1.04,-16.19,-15.44,26.49
0.04,0.04,0.95,-16.55,-15.0,25.97
0.05,0.05,0.86,-15.94,-14.8,26.16
0.06,0.07,0.91,-15.6,-14.88,26.25
0.07,0.09,0.96,-15.95,-14.74,26.24
0.07,0.12,0.96,-15.74,-14.49,26.22
0.08,0.09,0.97,-15.61,-14.13,26.07
0.05,0.07,0.99,-15.56,-13.73,26.05
0.06,0.08,0.98,-14.39,-13.32,26.27
0.06,0.1,0.94,-14.2,-12.96,26.26
0.04,0.11,0.94,-14.05,-12.9,26.16
0.06,0.04,1.0,-13.8,-12.71,26.15
0.06,0.09,0.99,-13.25,-12.52,26.11
0.06,0.1,0.92,-12.43,-12.29,26.21
0.05,0.07,0.97,-12.23,-12.03,26.11
0.06,0.09,0.96,-11.93,-11.97,26.14
0.06,0.09,0.92,-11.89,-11.75,26.18
0.06,0.09,1.03,-11.44,-11.66,26.75
0.08,0.09,1.34,-10.66,-12.42,27.22
0.1,0.23,1.65,-9.48,-10.58,27.22
0.1,0.21,1.12,-8.71,-5.63,26.44
-0.02,0.04,0.4,-8.73,0.88,25.05
-0.07,-0.13,-0.91,-15.62,5.74,24.63
0.08,-0.11,-0.47,-20.33,-3.97,25.43
0.42,-0.42,2.48,-19.23,-17.44,27.8
0.46,0.55,4.03,-22.68,-12.16,26.49
0.32,0.45,1.37,-16.03,-0.43,25.09
0.42,-0.2,-1.33,-20.91,11.31,18.13
0.09,-0.14,-2.42,-26.74,2.51,20.19
0.53,0.17,2.53,-23.86,-17.36,23.32
0.45,1.04,4.91,-16.76,-14.34,23.81
0.63,0.27,0.98,-18.36,3.22,17.04
0.04,-1.33,-3.22,-23.13,10.43,15.13
0.59,0.01,-0.49,-20.67,-9.29,20.81
0.73,1.24,5.25,-16.93,-21.04,23.57
0.65,0.79,2.82,-15.66,-7.77,18.86
0.26,-0.92,-2.38,-22.43,6.72,13.27
0.35,-0.19,-1.95,-26.88,-8.44,19.53
0.88,0.86,3.59,-25.98,-24.35,21.96
0.85,0.77,3.96,-27.09,-11.98,16.95
0.06,-0.51,-1.04,-27.99,4.8,12.4
-0.18,-0.49,-2.45,-34.22,-0.89,16.02
0.5,0.44,1.12,-31.61,-15.62,19.53
0.74,0.99,4.77,-31.78,-15.59,19.83
0.39,0.61,1.44,-30.35,-0.93,16.93
-0.33,-1.24,-2.9,-34.24,6.18,14.06
0.4,-0.16,-0.76,-38.91,-11.03,19.77
0.94,0.79,4.46,-33.78,-23.65,21.91
0.68,0.6,2.88,-37.48,-14.88,20.0
0.17,-0.04,0.12,-31.61,-1.77,16.36
-0.23,-0.48,-1.89,-34.87,-0.18,16.26
0.22,0.05,0.22,-35.55,-13.44,18.01
0.29,0.07,1.6,-35.96,-19.51,19.01
