AccX,AccY,AccZ,AngX,AngY,AngZ
-0.12,0.38,0.87,12.97,13.63,39.52
-0.23,0.36,1.14,9.37,13.06,40.17
0.17,-0.23,0.72,7.82,12.92,36.85
-0.24,0.33,0.91,4.67,10.84,35.31
-0.24,0.21,1.08,3.73,9.56,35.4
-0.01,-0.09,1.06,-2.97,-1.95,33.98
0.04,0.6,1.58,-8.15,-3.42,32.92
-0.03,0.15,1.95,-6.83,-3.11,31.61
-0.01,-0.12,1.46,-3.38,0.99,30.08
-0.07,-0.29,0.21,-4.06,6.88,27.87
0.08,-0.1,-0.95,-9.24,7.0,28.15
0.13,-0.17,-0.55,-13.19,2.62,28.33
0.18,-0.1,1.48,-16.18,-9.19,30.45
0.11,0.36,3.09,-17.81,-13.6,31.14
0.14,0.2,2.95,-14.95,-9.76,29.71
0.28,-0.3,1.3,-10.51,-0.72,28.6
0.15,-0.59,-1.37,-12.96,9.77,27.81
0.3,0.12,-1.97,-9.91,4.31,29.63
0.51,0.13,0.8,-13.73,-9.9,29.85
0.14,0.16,5.18,-10.01,-14.98,31.37
0.39,0.71,2.93,-6.23,-4.64,28.91
0.32,-0.81,-1.2,-6.02,8.05,24.79
0.3,-0.21,-2.78,-13.17,3.28,26.9
0.6,-0.12,0.65,-16.86,-11.72,28.29
0.15,0.37,5.25,-15.04,-16.33,30.72
0.68,1.26,2.92,-10.47,-4.32,27.16
0.42,-1.17,-2.1,-13.75,10.22,21.65
0.45,-0.48,-2.56,-17.3,1.19,25.38
0.51,0.11,2.14,-17.2,-13.63,28.39
0.11,1.36,5.31,-13.91,-15.71,31.01
0.59,0.53,1.93,-11.63,-2.85,25.55
0.19,-1.62,-3.18,-15.21,4.13,25.17
0.49,0.11,-1.32,-13.8,-6.23,28.59
0.46,0.36,3.59,-15.58,-16.77,29.35
0.1,0.93,4.66,-11.87,-13.96,30.04
0.66,0.05,1.17,-10.35,0.22,25.42
0.07,-1.38,-3.66,-11.64,4.03,26.1
0.61,0.27,-0.81,-11.75,-10.71,30.15
0.59,0.22,4.69,-15.05,-20.83,31.42
0.36,1.06,4.15,-13.0,-11.98,30.02
0.71,-0.18,0.05,-10.72,2.58,25.05
0.14,-0.96,-3.79,-14.43,3.18,26.99
0.61,0.07,-0.18,-12.95,-13.09,29.76
0.34,0.15,5.07,-14.19,-21.29,32.36
0.44,1.63,4.09,-8.32,-13.09,30.99
0.79,-0.58,-0.64,-10.09,2.66,24.1
0.29,-0.95,-3.9,-14.4,-1.71,28.01
0.85,0.26,0.54,-16.07,-20.13,29.98
0.42,0.26,5.8,-15.72,-25.24,32.04
0.68,1.29,3.42,-13.5,-12.21,29.53
0.65,-1.0,-2.15,-15.95,5.76,23.83
0.52,-0.12,-3.34,-22.14,-5.17,27.06
0.77,0.04,2.11,-21.74,-23.89,27.65
0.27,0.51,5.64,-22.65,-20.9,27.24
0.62,0.53,1.93,-18.74,-5.34,25.11
0.42,-1.31,-3.25,-21.55,8.34,21.42
0.75,0.14,-2.02,-19.83,-8.42,24.92
0.58,-0.36,4.07,-21.06,-23.86,25.9
-0.0,0.71,2.96,-18.83,-19.34,26.12
0.02,-0.09,0.1,-20.76,-13.22,25.2
