AccX,AccY,AccZ,AngX,AngY,AngZ
0.14,-0.08,0.96,-38.01,-20.33,6.0
0.14,-0.1,0.94,-37.53,-20.03,5.52
0.12,-0.11,0.97,-36.89,-19.86,5.49
0.14,-0.08,0.95,-36.21,-19.68,5.45
0.02,0.02,0.91,-34.82,-19.19,5.38
-0.44,0.07,0.94,-34.9,-18.62,1.96
-0.05,-0.04,0.91,-34.67,-18.64,1.62
0.11,-0.11,0.98,-36.41,-16.55,0.55
0.27,-0.23,1.13,-38.2,-10.86,0.03
0.09,-0.31,1.84,-34.84,-9.79,-0.71
0.02,-0.14,1.01,-29.92,-11.04,-0.81
-0.11,0.03,0.3,-24.36,-7.42,-0.09
0.52,0.26,-0.96,-23.7,-8.6,0.93
0.04,-0.47,0.48,-36.4,-4.24,-1.32
-0.55,-0.51,5.35,-33.92,0.12,-3.71
0.1,-0.57,0.42,-24.34,-9.33,-2.77
0.58,0.19,-1.32,-14.68,-8.34,-5.47
-0.22,0.44,-1.22,-20.95,-9.62,-6.94
0.14,-1.11,4.37,-24.66,0.66,-8.02
0.29,-0.65,2.65,-14.11,-9.64,-8.72
-0.04,0.36,-1.28,-3.21,-2.34,-7.83
-0.04,0.46,-1.65,-11.25,-1.81,-8.38
0.18,-1.15,3.74,-15.99,4.46,-10.11
-0.19,-0.78,3.38,-5.73,-6.8,-9.74
-0.15,0.37,-1.07,5.48,-0.17,-8.59
0.06,0.42,-1.96,-0.41,-2.96,-7.7
0.34,-0.98,3.04,-6.86,2.53,-10.04
-0.31,-0.57,4.03,1.94,-9.33,-10.63
-0.21,0.31,-1.24,16.13,-1.86,-10.57
0.07,0.29,-2.05,14.34,-4.22,-9.16
0.39,-0.9,1.12,1.28,-1.21,-10.13
-0.17,-0.57,5.1,7.03,-5.29,-10.72
-0.42,0.14,-0.68,19.88,-7.96,-12.22
0.52,0.26,-1.73,21.77,-3.79,-9.22
-0.08,-0.27,-0.0,5.04,-3.04,-10.56
-0.09,-0.71,5.13,5.04,1.64,-12.3
-0.15,-0.08,1.25,15.63,-10.42,-11.23
0.28,0.29,-1.74,21.36,-2.02,-9.42
0.13,-0.21,-0.32,4.41,-0.17,-11.74
-0.31,-0.1,4.29,2.94,1.89,-12.42
-0.04,-0.07,0.23,4.87,-3.4,-10.88
0.39,0.09,0.17,4.45,-1.79,-8.37
0.09,-0.01,1.08,3.48,-4.0,-7.93
0.09,-0.06,1.41,2.96,-3.88,-6.79
0.02,-0.05,0.88,3.2,-3.89,-5.02
0.25,0.02,1.1,3.17,-2.38,-4.52
0.13,-0.02,0.72,1.47,-1.5,-2.54
0.0,0.03,1.12,0.33,-2.82,-1.6
0.03,-0.06,0.79,-0.88,-3.77,-0.21
0.11,-0.07,1.31,-1.32,-4.53,0.47
