AccX,AccY,AccZ,AngX,AngY,AngZ
0.05,-0.08,0.96,18.51,14.72,-20.44
-0.12,-0.04,1.14,19.73,14.8,-20.96
-0.08,-0.06,0.91,19.76,14.17,-21.59
0.04,-0.05,0.91,18.26,14.19,-22.79
-0.06,-0.06,0.76,18.58,13.25,-24.05
0.1,-0.08,1.0,15.91,15.69,-25.02
0.1,-0.1,0.65,17.37,13.49,-26.88
-0.11,-0.01,1.16,14.82,13.94,-29.33
-0.07,-0.1,1.18,15.24,10.09,-31.37
-0.18,-0.03,1.03,15.17,9.32,-34.3
-0.22,-0.03,1.26,16.15,6.92,-35.63
-0.06,-0.04,0.99,15.61,7.3,-38.28
-0.11,-0.1,1.19,17.92,8.08,-39.03
-0.02,0.0,0.76,20.97,9.43,-39.63
-0.17,0.04,1.17,22.93,9.66,-39.88
-0.3,0.08,0.83,25.04,9.09,-40.01
-0.2,0.0,1.03,25.05,9.86,-38.73
-0.21,0.22,0.6,28.75,9.84,-37.18
-0.03,0.1,0.91,28.08,11.51,-34.76
-0.14,0.23,0.58,30.28,13.8,-31.15
-0.02,0.17,0.65,29.79,14.04,-28.7
0.05,0.21,0.9,29.97,14.71,-25.35
-0.07,0.26,0.37,28.11,15.58,-21.59
0.11,0.11,1.16,25.85,13.82,-19.22
0.24,0.13,0.79,23.18,15.37,-15.69
0.16,0.15,0.82,21.5,14.4,-15.03
0.03,0.0,0.93,18.58,14.24,-12.98
0.17,0.02,1.03,16.4,15.31,-11.72
0.08,0.07,0.94,14.66,15.83,-10.08
0.26,0.04,1.12,11.96,16.48,-9.79
0.08,0.03,0.95,11.44,15.72,-8.84
0.05,0.01,0.99,8.39,15.54,-9.99
-0.01,-0.05,1.02,7.0,15.31,-11.53
0.13,-0.12,1.08,4.45,14.67,-12.4
0.04,-0.1,1.11,3.81,14.47,-12.89
