AccX,AccY,AccZ,AngX,AngY,AngZ
0.21,-0.08,1.07,-4.7,5.43,-16.91
0.15,-0.05,0.92,-5.0,5.08,-18.18
0.21,-0.09,1.17,-5.56,5.45,-19.58
0.24,-0.1,1.0,-5.29,5.97,-21.56
0.0,-0.05,1.31,-5.56,4.83,-25.56
-0.08,-0.03,1.18,-4.74,6.86,-28.57
-0.37,0.0,1.31,-2.94,10.88,-31.66
-0.29,0.06,1.08,1.02,12.06,-32.69
-0.35,0.12,0.91,3.72,13.62,-33.47
-0.17,0.05,1.04,7.62,13.53,-33.28
-0.4,0.2,0.63,10.25,15.05,-34.01
-0.41,0.22,1.02,12.6,14.26,-32.04
-0.34,0.31,0.52,17.37,16.12,-28.21
-0.33,0.29,0.77,17.89,15.17,-24.84
-0.08,0.31,0.67,19.42,16.93,-20.17
-0.13,0.33,0.67,18.05,17.15,-16.49
0.03,0.33,0.66,17.33,17.47,-12.55
0.09,0.24,0.72,15.16,17.02,-9.26
0.13,0.3,0.86,13.36,16.93,-6.24
0.16,0.27,0.62,10.65,16.71,-3.08
0.15,0.19,1.17,9.29,15.23,-1.97
0.23,0.12,1.15,8.1,16.24,-1.08
0.05,0.16,0.57,5.99,16.34,-1.14
0.04,0.17,1.05,4.18,17.15,-1.5
-0.05,0.16,0.94,1.61,17.01,-1.08
0.2,0.08,1.17,-1.51,17.19,-1.31
0.08,0.01,1.1,-3.03,18.05,-1.31
0.13,0.0,0.98,-4.54,17.48,-2.5
-0.09,-0.01,1.36,-4.47,16.71,-3.3
0.07,0.02,0.85,-5.61,16.46,-4.39
