AccX,AccY,AccZ,AngX,AngY,AngZ
-0.83,-0.28,0.42,-17.33,59.99,-0.04
-0.82,-0.27,0.43,-17.65,59.5,-0.04
-0.8,-0.27,0.42,-17.72,60.07,-0.04
-0.83,-0.26,0.42,-17.59,60.92,-0.11
-0.84,-0.26,0.4,-17.59,61.04,-0.1
-0.83,-0.26,0.41,-17.8,60.64,-0.15
-0.83,-0.27,0.41,-17.89,60.68,-0.16
-0.84,-0.27,0.41,-17.96,60.54,-0.17
-0.44,-0.22,0.41,-18.15,61.13,-1.38
-0.74,-0.26,0.43,-2.63,69.24,-3.69
-0.91,-0.16,0.43,5.47,72.06,-7.82
-1.18,0.12,-0.03,15.48,68.44,-15.67
-0.54,-0.29,1.07,18.29,69.44,-18.82
-0.76,-0.31,0.52,20.21,64.22,-19.32
-0.74,-0.2,0.71,21.07,61.78,-18.12
-0.89,-0.21,0.67,21.24,57.15,-18.25
-0.4,-0.3,0.65,23.72,53.72,-18.58
-0.73,-0.55,0.78,22.95,52.02,-20.07
-0.7,-0.13,0.81,25.07,51.53,-15.98
-0.62,-0.19,0.78,25.02,49.43,-13.82
