AccX,AccY,AccZ,AngX,AngY,AngZ
-0.08,0.06,1.09,-5.51,15.06,-5.02
-0.03,0.01,1.08,-6.83,15.1,-6.62
0.02,0.02,0.9,-6.83,14.61,-7.44
-0.07,-0.02,1.11,-8.05,13.57,-8.98
-0.06,0.0,0.93,-7.42,13.6,-9.57
0.04,-0.03,0.97,-8.61,12.47,-10.54
-0.06,-0.03,1.13,-7.87,12.52,-10.9
-0.02,-0.02,1.03,-8.48,12.09,-11.69
0.04,-0.03,0.91,-7.91,11.13,-12.11
0.04,-0.04,0.97,-8.3,10.87,-12.56
-0.05,-0.01,0.85,-8.01,10.59,-12.83
-0.04,0.02,0.86,-8.01,10.42,-13.07
0.0,-0.05,1.09,-7.92,9.48,-13.36
-0.0,-0.02,0.88,-8.1,10.18,-13.11
-0.01,-0.02,0.95,-7.97,9.42,-13.06
0.06,-0.04,0.94,-7.77,8.88,-12.96
0.07,-0.02,0.95,-7.99,8.48,-12.97
0.05,-0.04,1.02,-8.05,7.8,-13.06
-0.0,-0.02,0.89,-8.01,6.77,-13.13
0.04,-0.04,0.95,-8.09,6.18,-13.21
0.03,-0.04,0.98,-7.77,5.94,-13.05
-0.01,-0.03,0.73,-8.21,5.13,-12.74
0.08,-0.03,0.68,-7.54,4.17,-12.17
0.09,-0.08,1.1,-8.03,3.58,-11.66
0.13,-0.12,1.04,-8.02,2.59,-10.96
-0.11,-0.0,0.96,-5.67,2.39,-10.46
-0.07,0.05,0.97,-7.02,-0.43,-8.79
0.01,-0.0,0.76,-5.95,-0.07,-6.06
0.54,-0.36,0.75,-11.89,3.66,-5.94
0.57,-0.28,0.78,-14.28,3.14,-4.1
