AccX,AccY,AccZ,AngX,AngY,AngZ
-0.5,-0.47,0.69,-36.05,41.36,5.39
-0.47,-0.47,0.7,-36.01,41.34,5.43
-0.49,-0.46,0.67,-35.92,41.64,5.48
-0.5,-0.47,0.67,-35.86,41.6,5.53
-0.5,-0.45,0.67,-35.92,41.49,5.55
-0.49,-0.48,0.66,-35.98,41.46,5.55
-0.5,-0.48,0.68,-35.85,41.53,5.57
-0.51,-0.47,0.68,-35.85,41.54,5.61
-0.5,-0.48,0.69,-35.81,41.42,5.68
-0.51,-0.48,0.68,-35.72,41.41,5.7
-0.51,-0.48,0.68,-35.67,41.33,5.75
-0.51,-0.48,0.68,-35.6,41.18,5.77
-0.5,-0.49,0.69,-35.54,41.07,5.78
-0.51,-0.47,0.68,-35.46,40.97,5.8
-0.5,-0.47,0.68,-35.37,40.82,5.8
-0.51,-0.47,0.68,-35.28,40.71,5.8
-0.51,-0.47,0.67,-35.22,40.59,5.8
-0.51,-0.47,0.69,-35.15,40.43,5.82
-0.52,-0.47,0.66,-35.11,40.34,5.85
-0.51,-0.46,0.66,-35.08,40.23,5.88
-0.52,-0.46,0.67,-35.03,40.13,5.9
-0.52,-0.46,0.67,-34.98,40.03,5.94
-0.51,-0.46,0.68,-34.94,39.92,5.97
-0.52,-0.47,0.68,-34.89,39.81,6.0
-0.51,-0.47,0.68,-34.84,39.71,6.03
-0.52,-0.47,0.67,-34.77,39.61,6.06
-0.51,-0.48,0.67,-34.73,39.49,6.08
-0.52,-0.47,0.68,-34.66,39.37,6.1
-0.52,-0.48,0.67,-34.61,39.25,6.12
-0.51,-0.48,0.66,-34.59,39.12,6.13
-0.51,-0.48,0.67,-34.56,39.0,6.12
-0.51,-0.47,0.66,-34.53,38.9,6.12
-0.52,-0.46,0.67,-34.5,38.81,6.12
-0.52,-0.47,0.67,-34.48,38.72,6.13
-0.53,-0.46,0.67,-34.45,38.64,6.14
-0.53,-0.46,0.66,-34.42,38.58,6.14
-0.52,-0.46,0.67,-34.39,38.5,6.16
-0.52,-0.47,0.67,-34.35,38.41,6.19
-0.52,-0.47,0.66,-34.33,38.31,6.21
-0.51,-0.47,0.67,-34.28,38.21,6.23
-0.52,-0.47,0.68,-34.23,38.1,6.26
-0.52,-0.48,0.68,-34.19,38.0,6.28
-0.51,-0.48,0.67,-34.16,37.89,6.29
-0.51,-0.47,0.67,-34.12,37.79,6.3
-0.52,-0.48,0.67,-34.08,37.7,6.31
-0.52,-0.47,0.67,-34.05,37.6,6.31
-0.52,-0.48,0.66,-34.02,37.52,6.32
-0.52,-0.47,0.66,-34.01,37.43,6.32
-0.52,-0.47,0.66,-33.99,37.35,6.33
-0.52,-0.47,0.67,-33.97,37.28,6.33
-0.52,-0.47,0.67,-33.95,37.23,6.34
-0.52,-0.47,0.67,-33.93,37.15,6.35
-0.52,-0.47,0.66,-33.92,37.09,6.37
-0.52,-0.47,0.67,-33.9,37.02,6.38
-0.52,-0.47,0.67,-33.88,36.95,6.38
-0.52,-0.47,0.67,-33.86,36.89,6.39
-0.52,-0.48,0.67,-33.82,36.82,6.4
-0.52,-0.47,0.68,-33.8,36.76,6.41
-0.52,-0.47,0.66,-33.77,36.71,6.42
-0.52,-0.47,0.67,-33.74,36.63,6.43
-0.51,-0.47,0.68,-33.72,36.56,6.43
-0.52,-0.47,0.68,-33.7,36.5,6.45
-0.51,-0.47,0.67,-33.67,36.44,6.45
-0.52,-0.48,0.68,-33.67,36.35,6.45
-0.52,-0.47,0.67,-33.63,36.31,6.46
-0.52,-0.47,0.67,-33.62,36.24,6.47
-0.51,-0.47,0.67,-33.61,36.18,6.49
-0.52,-0.47,0.68,-33.59,36.1,6.5
-0.52,-0.47,0.66,-33.57,36.06,6.52
-0.52,-0.47,0.67,-33.55,36.01,6.53
-0.51,-0.47,0.66,-33.55,35.95,6.54
-0.51,-0.47,0.68,-33.53,35.9,6.56
-0.52,-0.47,0.66,-33.52,35.84,6.57
-0.52,-0.47,0.68,-33.51,35.79,6.57
-0.52,-0.47,0.67,-33.49,35.74,6.57
-0.51,-0.47,0.67,-33.49,35.7,6.57
-0.51,-0.47,0.68,-33.49,35.64,6.59
-0.52,-0.47,0.67,-33.48,35.59,6.6
-0.52,-0.47,0.68,-33.47,35.54,6.6
-0.52,-0.47,0.67,-33.46,35.49,6.59
-0.51,-0.47,0.67,-33.45,35.45,6.59
-0.52,-0.47,0.66,-33.44,35.41,6.6
-0.52,-0.47,0.67,-33.42,35.38,6.61
-0.52,-0.47,0.67,-33.42,35.35,6.62
-0.51,-0.47,0.66,-33.4,35.31,6.62
-0.52,-0.48,0.68,-33.39,35.27,6.63
