AccX,AccY,AccZ,AngX,AngY,AngZ
-0.01,0.03,0.94,-4.44,8.83,-8.52
0.21,-0.06,0.78,-4.05,8.01,-9.67
0.07,-0.04,1.05,-4.78,9.02,-10.86
0.02,-0.03,0.99,-5.12,9.24,-11.9
0.07,-0.03,0.92,-5.46,9.58,-12.49
0.02,-0.02,0.91,-5.48,9.9,-13.19
0.05,-0.08,1.05,-5.54,9.3,-13.85
-0.01,-0.0,0.92,-4.41,8.67,-14.55
-0.07,0.03,1.08,-4.92,9.75,-14.9
0.08,-0.04,0.83,-4.98,8.75,-15.15
0.08,-0.08,1.16,-5.35,9.18,-15.42
-0.02,-0.02,0.92,-4.82,8.31,-15.58
0.06,-0.01,0.94,-4.89,8.14,-15.73
0.02,-0.02,0.92,-4.52,8.2,-15.61
0.04,-0.0,0.89,-4.58,7.89,-15.76
0.05,-0.04,1.12,-4.6,6.93,-15.95
0.14,-0.04,0.94,-5.4,7.63,-15.76
0.04,-0.04,1.12,-4.3,6.52,-16.45
0.01,0.05,0.74,-4.16,7.03,-16.52
-0.09,-0.04,1.17,-4.3,6.94,-16.82
0.06,-0.04,0.95,-4.21,6.2,-16.78
0.06,-0.02,1.07,-4.06,6.59,-16.43
0.01,0.03,0.89,-4.29,5.13,-16.47
0.06,-0.03,1.15,-3.7,5.22,-16.45
0.04,-0.01,0.94,-4.0,5.1,-16.89
0.06,-0.02,0.93,-3.86,5.27,-16.53
-0.02,0.01,0.99,-3.74,5.04,-16.66
0.07,-0.01,0.96,-4.01,5.55,-16.15
0.01,0.01,1.01,-3.81,5.0,-16.18
0.04,-0.0,1.02,-4.46,5.23,-16.27
0.05,-0.02,1.0,-3.8,4.4,-16.3
0.09,-0.01,0.95,-4.03,4.82,-16.36
0.05,-0.0,0.98,-3.69,4.63,-16.34
0.02,0.0,0.91,-4.22,4.79,-16.49
0.09,-0.02,0.94,-3.98,4.71,-16.5
