AccX,AccY,AccZ,AngX,AngY,AngZ
-0.65,-0.4,0.62,25.03,48.28,-14.07
-0.55,-0.07,0.87,25.01,47.65,-14.02
-0.57,-0.32,0.9,23.92,45.05,-16.45
-0.53,-0.13,0.91,23.97,44.17,-16.41
0.15,-0.0,0.38,24.8,44.26,-15.3
-0.35,0.01,0.79,25.1,43.16,-15.25
-0.5,-0.2,1.11,23.53,41.37,-16.2
-0.44,-0.25,0.97,21.87,40.76,-16.57
-0.69,-0.39,1.21,13.32,29.0,-19.81
-0.15,-0.25,0.62,12.92,19.88,-20.06
-0.17,-0.28,0.99,13.23,23.04,-20.9
-0.32,-0.2,1.06,15.73,23.18,-19.71
-0.09,-0.22,0.82,15.52,22.0,-19.39
-0.34,-0.17,1.15,17.59,19.99,-19.33
-0.07,-0.16,1.05,18.64,19.04,-18.99
-0.22,-0.1,0.59,19.35,19.54,-19.52
0.0,-0.19,0.89,16.7,14.96,-21.03
-0.15,-0.12,1.2,17.76,14.77,-20.39
-0.03,-0.06,0.92,16.53,15.71,-20.27
-0.04,-0.05,1.01,19.49,13.09,-19.97
